PoP-AC=0:59.76:61.33114996115:97.84:4.94578215938253:59.81:59.87:62.89
PoP-AL=0:35.37:52.3152660406891:98.28:18.7664837115564:35.41:35.8:74.32
PoP-AM=0:28.29:29.5868214285715:66.04:6.64968446473518:28.32:28.38:28.44
PoP-AP=0:13.8:16.0514788732395:80.84:11.7145201764398:13.82:13.89:14.17
PoP-BA=0:42.21:63.7644405594405:88.92:2.72632434291661:62.7:62.79:64.9
PoP-CE=0.00:52.81:53.1336395759717:83.6:2.57632603826763:52.85:52.91:52.97
PoP-DF=0:24.09:24.2255319148936:33.12:0.753790351486961:24.12:24.16:24.21
PoP-ES=0.00:53.33:53.6050586854461:70.54:1.22973726708495:53.37:53.44:53.64
PoP-GO=0.00:26.8:26.9393333333333:30.36:0.340974025966773:26.85:26.91:26.97
PoP-MA=0.00:10.64:45.7285714285714:46.19:2.94342939840259:45.88:45.98:46.07
PoP-MG=0:42.3:42.4792957746479:51.39:0.872091955382589:42.33:42.39:42.45
PoP-MS=0:51.62:53.3247254150701:86.15:5.1247408001118:51.68:51.73:53.12
PoP-MT=0.00:42.28:42.6570426065161:68.7:1.64898713021008:42.36:42.44:42.55
PoP-PB=0:34.59:62.8001760563381:63.19:2.37987208374036:62.92:63:63.08
PoP-PE=0:32.26:38.0502237654319:107.65:14.3800573456313:32.29:32.32:72.51
PoP-PI=0.00:16.7:34.4576190476202:114.966666667:4.98957894815633:34.24:34.3:34.36
PoP-PR=0.00:45.47:47.6239298245614:70.23:2.32589055986422:46.93:47.39:47.58
PoP-RJ=0.00:43.29:43.5080139372822:52.39:0.954485120867302:43.33:43.4:43.48
PoP-RN=0:37.29:60.3416197183099:101.0:3.09678155905231:60.3:60.36:60.43
PoP-RO=0.00:56.4:59.3854355400697:105.11:6.34375407831568:56.46:56.54:66.54
PoP-RR=0.00:38.32:42.7521709252795:168.0:16.8804507847748:38.4:38.56:39.23
PoP-RS=0:54.75:57.0674475524476:77.48:2.82627660130011:55.6:56.535:57.42
PoP-SC=0:49.51:51.6833566433566:62.72:2.40291838471224:50.38:51.15:52.22
PoP-SE=0:39.65:66.4276573426574:82.12:8.49319842020533:59.88:68.385:70.09
PoP-SP=0:40.36:40.8430633802817:51.97:1.71424033063099:40.45:40.56:40.66
PoP-TO=0.00:15.63:15.7562807017544:17.86:0.251239585615791:15.68:15.71:15.75
