PoP-AC=0.00:59.9125:61.1212254901961:78.25:1.62013496239909:60.82:60.88:60.96
PoP-AL=0.00:25.65:75.6428897338403:78.27:3.10831180942004:75.67:75.76:76.04
PoP-AM=0.00:38.83:73.4485328185328:74.27:3.51963332881065:73.89:74.03:74.17
PoP-AP=0:24.36:59.9291603053435:78.64:4.53520558670415:59.42:59.57:59.98
PoP-BA=0:31.86:62.480572519084:63.68:3.30116908010984:62.77:62.82:62.9
PoP-CE=0:43.71:50.8011832061069:51.06:0.76136380257109:50.83:50.88:50.94
PoP-DF=0.00:22.06:22.391724137931:43.62:2.29133646266671:22.1:22.14:22.2
PoP-ES=0.00:44.4:51.4010727969348:53.8:0.644682091052433:51.36:51.42:51.5
PoP-GO=0:24.79:25.0761832061069:40.78:1.68946315716281:24.84:24.89:24.96
PoP-MG=0.00:40.28:40.505247148289:52.31:1.26259994530683:40.31:40.37:40.43
PoP-MS=0.00:49.63:51.3206610407873:113.0:6.72027000224629:49.68:49.73:50.85
PoP-MT=0:40.22:41.0501812977099:93.82:4.7339781807946:40.34:40.43:40.57
PoP-PA=0:10.6:45.9051923076923:100.69:4.60448936981069:45.87:45.96:46.07
PoP-PB=0.00:53.77:60.9442857142857:61.15:0.635960309255146:60.92:60.99:61.09
PoP-PE=0:21.99:72.2679924242424:73.03:4.40117009847273:72.58:72.64:72.73
PoP-PI=0:6.319:6.3935:6.52:0.030491786589421:6.358:6.389:6.43
PoP-PR=0.00:44.36:61.9729531051965:94.68:11.0777439321693:44.47:68.65:68.73
PoP-RJ=0.00:41.28:41.6254826254826:62.85:2.2994954069625:41.32:41.38:41.44
PoP-RN=0:51.17:58.2522727272728:58.48:0.759464080511532:58.26:58.32:58.41
PoP-RO=0:54.38:54.6857007575757:70.36:1.3959465292051:54.44:54.5:54.62
PoP-RR=0.00:49.01:84.8823320659061:133.7:7.3224746717996:84.0:84.2:84.44
PoP-RS=0:52.85:55.0785496183206:80.88:3.20992680169528:53.69:54.435:55.4
PoP-SC=0.00:47.55:50.0053696498054:73.39:3.80396225884719:48.3:49.11:50.13
PoP-SE=0.00:29.37:67.7056527249684:79.46:4.24678200610342:67.94:68.0:68.1
PoP-SP=0.00:38.32:39.0161216730038:88.74:5.34638004238889:38.36:38.44:38.52
PoP-TO=0.00:26.17:30.623166023166:32.28:0.449172382183511:30.53:30.62:30.73
