PoP-AC=0.00:74.52:77.5638461538461:107.41:4.08653783060378:76.58:76.62:78.67
PoP-AL=0.00:9.763:9.96504895104895:13.2:0.633355242959307:9.793:9.808:10.024
PoP-AM=0:74.4:84.8805399061036:93.01:4.34772098913921:82.79:82.8:90.88
PoP-AP=0:78.27:80.2788732394366:119.0:6.62296928315919:78.3:78.45:79.42
PoP-CE=0:12.1:12.1155714285714:12.29:0.0212647385673952:12.1:12.11:12.14
PoP-DF=0.00:40.9:40.9487050359712:41.01:0.0215297076438421:40.92:40.95:40.98
PoP-ES=0:12.8:12.8407194244604:13.46:0.110680636591886:12.8:12.8:12.93
PoP-GO=0.00:41.6:42.535107913669:43.77:1.05029006822024:41.6:41.63:43.73
PoP-MA=0.00:31.86:62.4093006993007:62.96:3.64971417949925:62.77:62.85:62.9
PoP-MG=0.00:20.58:20.7137062937063:35.03:1.2063527141252:20.6:20.6:20.62
PoP-MS=0.00:54.1:58.9712280701754:69.03:5.39896649243745:54.99:56:68.55
PoP-MT=0.00:59.16:75.8417730496454:96.85:16.9717611378299:59.24:59.51:93.37
PoP-PA=0.00:62.6:63.7166666666667:64.95:1.05321254581956:62.7:62.78:64.88
PoP-PB=0.00:12.36:12.3974452554745:12.46:0.0127780370196025:12.38:12.4:12.41
PoP-PE=0:10.05:10.1035714285714:10.35:0.0238723050418518:10.09:10.1:10.11
PoP-PI=0:25.73:48.9842253521127:67.84:6.72299909055127:47.22:47.28:47.38
PoP-PR=0.00:35.21:36.9630496453901:58.84:1.9444084459445:35.75:36.72:37.59
PoP-RJ=0:22.93:22.99:23.13:0.0246704903405656:22.96:22.99:23.02
PoP-RN=0:15.02:15.0894927536232:15.31:0.0286005069673533:15.06:15.09:15.11
PoP-RO=0.00:71.18:72.7195283772949:109.444444444:3.66469217799308:71.2:71.56:73.37
PoP-RR=0:94.44:103.039983896942:110.6:1.12620890948911:102.9:103:103.0
PoP-RS=0:44.42:45.9195:66.01:1.86972176016522:45.3:45.89:46.41
PoP-SC=0.00:39.26:40.9406293706294:47.8:0.910417190225276:40.2:40.77:41.81
PoP-SE=0.00:5.463:6.62958430458434:17.54:2.79940153569373:5.475:5.487:11.42
PoP-SP=0.00:30.11:30.3377697841727:48.6:1.56505500350907:30.14:30.18:30.21
PoP-TO=0.00:49.4:49.4770503597122:51.21:0.174561368465133:49.41:49.45:49.52
