PoP-AC=0:73.53:77.2606739094238:101.39:3.59166264296796:76.37:76.48:77.13
PoP-AL=0:91.22:92.4139583333334:133.2:4.71835953284246:91.26:91.405:92.27
PoP-AM=0:14.7:14.8398319735818:17.2:0.267425573152276:14.74:14.79:14.84
PoP-BA=0:78.28:79.420809859155:119.0:5.02613379214827:78.31:78.42:78.71
PoP-CE=0.00:66.35:67.4795906432751:107.5:5.18984142513685:66.39:66.49:66.74
PoP-DF=0.00:37.63:38.4649902534116:57.24:3.42097321070333:37.66:37.75:38.1
PoP-ES=0:66.87:68.6162151550841:113.3:7.96407353067124:66.91:67.04:67.69
PoP-GO=0.00:40.34:41.1695383275262:61.62:3.37767774895654:40.39:40.5:40.83
PoP-MA=0.00:24.33:59.7841656851198:78.64:4.8491558254554:59.42:59.58:59.81
PoP-MG=0.00:55.85:56.6093031358885:75.36:3.23071679062321:55.88:55.98:56.09
PoP-MS=0.00:65.17:68.1379284188034:207.5:12.6113905087736:65.21:65.31:68.19
PoP-MT=0.00:55.78:56.9372566137565:87.9222222222:3.92371818989404:55.9:56.03:57.06
PoP-PA=0:13.79:16.0221682098764:81.65:11.6473253413982:13.82:13.89:14.09
PoP-PB=0.00:76.39:77.6394734804491:118.0:5.28391066956006:76.45:76.58:77.04
PoP-PE=0.00:88.1:89.3320298390262:129.0:5.27254072070549:88.15:88.26:88.64
PoP-PI=0:30.31:65.8053496503496:85.51:4.80876178213551:65.47:65.62:65.77
PoP-PR=0:60.2:79.2286805555556:137.9:11.219298315803:61.62:84.21:84.37
PoP-RJ=0.00:56.82:57.8637630662021:78.13:3.83548555285713:56.87:56.98:57.48
PoP-RN=0:73.74:74.9409168609167:115.0:5.19957342232377:73.81:73.92:74.28
PoP-RO=0.00:69.95:70.7575571041425:90.0:3.18553457597898:69.99:70.1:70.81
PoP-RR=0.00:24.75:28.5658768873404:154.888888889:19.2300587464802:24.84:24.99:25.59
PoP-RS=0.00:68.39:71.208441303494:101.0:4.60517841408309:69.18:70.01:72.32
PoP-SC=0.00:63.17:66.058947368421:93.97:4.26300697460526:64.05:64.91:68.44
PoP-SE=0:83.43:84.7465850815854:125.1:5.23555010617255:83.48:83.61:84.82
PoP-SP=0:53.9:56.5963302034429:130.1:13.3305939562514:53.95:54.09:54.39
PoP-TO=0:29.19:30.6707042253521:65.33:6.63595604088199:29.23:29.3:29.98
