PoP-AC=0.00:55.13:56.8029385222792:90.4555555556:5.85107512690361:55.17:55.22:57.47
PoP-AL=0.00:32.41:32.8284771573604:55.7:1.77767266899771:32.44:32.48:33.54
PoP-AM=0.00:61.38:70.2091139240506:71.59:2.63645069776114:66.37:71.48:71.56
PoP-AP=0.00:56.82:58.2291282051282:82.82:4.5337492460153:56.86:56.98:58.19
PoP-BA=0.00:22.92:23.0338860103627:30.32:0.547789998789276:22.96:22.98:23.0
PoP-CE=0.00:34.79:34.9300000000001:54.03:1.37527691681921:34.8:34.82:34.87
PoP-GO=0:22.25:22.304125:22.48:0.0273141012626151:22.28:22.3:22.33
PoP-MS=0:31.91:36.88:47.65:5.96755970486822:32.8:33.8:47.1
PoP-MT=0:37.73:37.784:37.83:0.0327278338807959:37.73:37.795:37.81
PoP-PA=0:43.34:43.4205128205128:43.51:0.0414007163356004:43.37:43.42:43.49
PoP-PI=0:47.29:47.6471428571429:60.96:1.82928961972103:47.32:47.38:47.47
PoP-PR=0:13.05:17.1188461538461:25.72:4.46264815120783:13.97:14.99:25.13
PoP-RN=0.00:42.19:42.2957948717948:49.23:0.509176370492753:42.21:42.25:42.31
PoP-RR=0.00:71.59:81.6258730158727:83.63:1.18415211846768:81.64:81.72:81.81
PoP-SC=0.00:17.07:20.4282051282051:47.49:7.10491643043588:17.38:18.6:19.56
PoP-SE=0:28.1:28.4526804123711:40.2:1.71694934635642:28.11:28.14:28.47
PoP-SP=0:7.993:10.479587628866:61.75:8.45762166345398:8.012:8.039:8.121
PoP-TO=0:28.0:28.1110256410256:29.48:0.207004546936093:28.03:28.075:28.14
