PoP-AC=0.00:6.572:7.35301951219512:37.52:4.28548268263293:6.613:6.631:6.991
PoP-AL=0.00:80.68:83.572380952381:86.33:1.97230233425212:80.73:83.23:86.29
PoP-AP=0:70.0:70.2254838709678:71.99:0.398972768776894:70.05:70.11:70.42
PoP-DF=0:32.62:32.651:32.69:0.0237814119812162:32.62:32.65:32.68
PoP-ES=0.00:61.89:66.6805987055014:138.5:9.50349260674898:61.9:61.96:74.52
PoP-GO=0:29.78:29.8421875:31.26:0.20818542369119:29.79:29.8:29.83
PoP-MA=0:54.4:54.803148148148:70.75:1.94108373007324:54.44:54.5:54.62
PoP-MG=0:50.8:50.855:50.92:0.0362859017546302:50.8:50.845:50.91
PoP-MS=0:24.06:31.3165730337079:116.2:18.6335781610029:24.09:24.105:74.5
PoP-PB=0.00:71.41:76.7995061728405:119.777777778:9.52423544628114:71.47:71.54:82.47
PoP-PE=0.00:81.01:86.8055609756098:155.1:8.96146419356737:81.05:83.18:93.05
PoP-RJ=0:51.82:51.9307575757576:52.78:0.140058346153763:51.85:51.9:51.97
PoP-RN=0:68.8:68.8677272727273:69.13:0.04295956795503:68.81:68.87:68.9
PoP-RR=0:94.6888888889:94.851952861953:96.46:0.265509816927839:94.72:94.8:94.87
PoP-RS=0:52.25:62.7954422869467:107.111111111:10.5320986694923:52.28:64.265:75.48
PoP-SC=0.00:47.01:58.2701029810283:129.1:11.9815435088141:47.07:59.54:70.17
PoP-SE=0:76.33:82.5749460625679:119.0:8.52201451820262:76.4:78.52:90.59
PoP-SP=0.00:48.18:49.8223076923077:51.49:0.656681451576741:48.4:50.09:50.15
PoP-TO=0:41.04:41.352270531401:44.54:0.607743050786188:41.09:41.15:41.99
