PoP-AC=0:84.38:87.9317840375598:123.2:5.42598636210884:86.41:86.45:89.9
PoP-AL=0.00:3.337:3.45414840989399:4.996:0.236957935091372:3.369:3.395:3.485
PoP-AM=0:60.37:92.0507692307692:133.0:9.98503698624767:92.59:92.62:100.0
PoP-AP=0.00:88.11:89.1626132404181:129.2:4.71459626821579:88.15:88.26:88.4
PoP-BA=0:10.03:10.1139160839161:13.15:0.181761497728672:10.09:10.1:10.12
PoP-CE=0:21.9:21.9485211267606:22.04:0.031487216165578:21.91:21.95:21.99
PoP-DF=0.00:48.71:50.2530742049469:50.92:0.518215108562845:49.8:49.84:50.82
PoP-ES=0:22.59:22.6659649122807:23.42:0.130355143944076:22.6:22.63:22.78
PoP-GO=0.00:51.4:52.2521771217712:58.62:1.08751503267482:51.42:51.49:53.6
PoP-MA=0.00:22.02:72.3040766550523:72.81:4.21964599744491:72.59:72.66:72.73
PoP-MG=0:30.39:30.4454895104895:32.15:0.104671272705782:30.41:30.44:30.48
PoP-MS=0.00:63.91:67.3302490421456:87.03:4.31028328036294:65.34:65.81:76.33
PoP-MT=0:69.0:93.896820436508:106.5:14.2797765386164:69.09:102:102.1
PoP-PA=0:32.24:37.3364918414919:74.74:13.3201464559048:32.3:32.35:72.52
PoP-PB=0.00:2.519:2.57548771929825:2.689:0.0240273616780371:2.55:2.572:2.601
PoP-PI=0.00:15.81:48.4763999999999:78.72:7.51371630981364:47.2:47.28:47.36
PoP-PR=0:45.1:46.9307342657343:89.5:2.7143577611395:46.5:46.94:47.02
PoP-RJ=0:32.73:32.9594405594406:48.22:1.38603449298781:32.78:32.82:32.85
PoP-RN=0:5.202:5.27247902097902:5.588:0.0371422761982177:5.238:5.265:5.311
PoP-RO=0:81.01:85.2478904428902:135.3:6.97226296022161:81.05:83.17:92.93
PoP-RR=0:79.17:110.788786907535:129.875:6.93669314832846:112.0:112.3:112.9
PoP-RS=0.00:54.26:55.994:62.65:0.771166210323717:55.16:56.15:56.8
PoP-SC=0.00:49.07:50.783052631579:72.68:1.96922541808058:49.92:50.57:51.54
PoP-SE=0.00:7.585:7.67235164835165:10.113:0.21211111684406:7.616:7.635:7.671
PoP-SP=0:39.91:40.0915384615385:49.04:0.573436311875919:39.97:40:40.4
PoP-TO=0.00:59.21:59.6604946996467:100.0:3.41491956580535:59.27:59.34:59.43
