PoP-AC=0.00:72.08:72.9441820418202:98.23:3.4815628877311:72.1:72.14:73.06
PoP-AL=0.00:8.297:8.44058742138366:10.649:0.286501762840296:8.326:8.362:8.525
PoP-AM=0:69.91:79.4261851851852:88.53:3.65143581818809:78.29:78.31:88.32
PoP-AP=0:73.76:74.992169117647:115.0:5.0025207742457:73.81:73.93:74.59
PoP-BA=0:15.01:15.0938518518519:15.33:0.0384840078838598:15.05:15.09:15.13
PoP-CE=0:7.626:7.67443703703704:7.817:0.0297251617361732:7.646:7.6695:7.709
PoP-DF=0:36.4:36.708074074074:58.2:2.28008527079187:36.43:36.47:36.5
PoP-ES=0.00:32.01:32.1271102819239:33.4:0.132566986869618:32.06:32.1:32.21
PoP-GO=0.00:39.2:39.4960516605166:61.01:2.27889843050969:39.21:39.26:39.3
PoP-MA=0:51.19:58.2856343283582:59.03:0.620024139204529:58.27:58.33:58.42
PoP-MG=0:39.81:39.9675:47.1:0.667755783189181:39.86:39.9:39.93
PoP-MS=0.00:64.0:65.050598639456:74.61:2.94028828135788:64.04:64.09:65.14
PoP-MT=0.00:54.7:79.2665911949687:91.77:15.1221902472186:54.8:88.76:88.88
PoP-PA=0.00:37.32:60.1964468864469:60.65:1.96974809291995:60.29:60.36:60.44
PoP-PB=0.00:2.869:2.92360223048327:3.032:0.0227237168715348:2.901:2.922:2.95
PoP-PE=0.00:5.211:5.26979925650558:5.407:0.0306447604447123:5.238:5.264:5.31
PoP-PI=0.00:32.93:58.9913161131613:78.12:9.66421278081919:42.59:64.35:64.44
PoP-PR=0.00:53.77:55.3315969581749:56.71:0.533825060969916:55.16:55.31:55.74
PoP-RJ=0:42.19:42.3404044117647:51.61:0.758518305878459:42.21:42.26:42.31
PoP-RO=0:68.79:71.968419117647:119.67:6.20363660167791:68.82:68.88:78.6
PoP-RR=0.00:59.89:96.7740923172242:117.15:7.72600612656345:98.37:98.6:98.76
PoP-RS=0.00:62.97:64.4683025830259:69.29:0.709944231471874:63.82:64.48:65.41
PoP-SC=0.00:57.79:59.0559479553903:63.73:0.625588329875026:58.62:59.14:59.76
PoP-SE=0.00:12.5:20.9539382239382:29.54:5.63237533125573:12.54:24.7:24.76
PoP-SP=0.00:48.63:48.7466914498141:51.09:0.187858665842496:48.67:48.72:48.78
PoP-TO=0.00:44.9:45.3545353159851:86.36:3.59890938440251:44.93:44.99:45.07
