PoP-AC=0.00:84.01:88.0323771929824:167.1:6.31336691040863:86.09:86.17:89.65
PoP-AM=0:63.61:93.3709722222222:105.7:7.63045067140237:92.28:92.31:100.56
PoP-AP=0.00:91.19:92.3297251668628:132.0:4.57657863974058:91.26:91.41:92.16
PoP-BA=0.00:9.766:10.4605053003533:15.86:1.34192495739672:9.791:9.808:13.21
PoP-CE=0.00:21.59:22.155406360424:29.31:1.25301371207748:21.6:21.62:25.06
PoP-DF=0.00:48.33:50.5379240282685:54.69:1.4090628476302:49.47:50.45:52.94
PoP-ES=0.00:22.27:22.968919424744:26.6:1.27038857214735:22.3:22.3:25.74
PoP-GO=0.00:51.08:52.6679442508711:58.15:1.73414081334693:51.1:53.2:54.6
PoP-MA=0.00:25.1:75.2808771929824:77.49:5.1851925143542:75.68:75.77:75.87
PoP-MG=0:30.05:30.7470046620046:36.27:1.36193426918551:30.1:30.11:33.54
PoP-MS=0.00:63.59:67.4794145299146:86.84:4.3180787701554:65.01:65.515:76.03
PoP-MT=0.00:72.11:96.713275261324:231.0:15.8295922447096:72.23:104.0:104.4
PoP-PA=0:35.35:51.6679303599373:98.31:18.8113759258105:35.41:35.615:74.33
PoP-PB=0.00:5.606:5.73559930313589:7.508:0.248952216325777:5.635:5.666:5.8
PoP-PE=0:3.336:3.4728679098679:5.632:0.283543628551068:3.369:3.391:3.601
PoP-PI=0.00:18.97:51.6068757687576:79.04:6.72816385696392:50.31:50.4:50.89
PoP-PR=0.00:44.73:47.1070175438597:64.41:2.09090616930618:46.19:46.62:49.93
PoP-RJ=0:32.41:33.3004545454545:58.08:2.38941367021391:32.45:32.49:35.94
PoP-RN=0.00:8.267:8.44670731707317:10.46:0.295105773467179:8.327:8.365:8.595
PoP-RO=0:80.68:85.9143006993007:157.0:8.55060006310038:80.71:82.87:92.64
PoP-RR=0.00:77.43:114.108459064326:132.6:7.45011778524006:115.0:115.9:116.1
PoP-RS=0:53.91:56.2263986013986:76.64:1.9996525931253:54.83:55.63:58.84
PoP-SC=0:48.73:51.1806338028169:68.63:1.96682960068931:49.6:50.71:53.64
PoP-SE=0:4.545:4.70912315462315:6.767:0.33684731787153:4.579:4.5985:4.966
PoP-SP=0.00:39.6:40.402350877193:48.61:1.42929132064426:39.64:39.69:43.11
PoP-TO=0:62.3:62.9556807511735:103.1:4.1640700373338:62.36:62.44:62.87
