PoP-AL=0.00:84.0:87.6173341185713:118.1:3.98511204487334:86.09:86.17:89.55
PoP-AM=0.00:77.7:80.2475461327032:106.211111111:5.01875676683269:77.75:77.81:87.93
PoP-AP=0.00:75.24:77.1791142744167:97.01:3.39670513361444:76.36:76.47:77.22
PoP-BA=0:74.5:77.5655164319263:115.0:4.55907852883912:76.59:76.62:77.32
PoP-CE=0:64.6:65.5858714788733:91.78:3.47787086362128:64.63:64.68:66.55
PoP-DF=0.00:35.9:37.2465638592328:71.7:4.53579914342082:35.92:35.99:38.86
PoP-ES=0.00:65.2:66.7708274231677:98.02:4.77692766380926:65.21:65.26:68.38
PoP-GO=0:36.11:38.1040691489362:75.69:5.36834985842893:36.16:36.19:39.12
PoP-MA=0:60.77:61.0274002347419:76.73:1.36513401226569:60.81:60.88:60.95
PoP-MG=0.00:54.15:55.0727192982456:82.475:3.11039297002321:54.19:54.23:56.31
PoP-MS=0:30.43:39.2577821011673:99.39:17.5624268054301:30.47:30.5:72.52
PoP-MT=0:20.99:21.5228014184397:47.61:2.54290100179086:21.05:21.1:21.45
PoP-PA=0:59.75:60.8509732072497:93.26:3.78310266142872:59.82:59.87:62.06
PoP-PB=0.00:74.7:76.2153567251459:103.99:4.56484214524103:74.73:74.78:79.02
PoP-PE=0.00:84.36:87.3081217872668:121.222222222:3.35140153238731:86.41:86.44:88.38
PoP-PI=0.00:65.3:66.092261484099:96.95:3.18370404769289:65.34:65.39:65.87
PoP-PR=0.00:49.41:54.3310689045936:92.16:6.62151652909373:49.44:49.49:59.36
PoP-RJ=0:55.11:56.3338810086681:89.11:4.14960328868633:55.18:55.22:58.2
PoP-RN=0:72.05:73.304720252167:103.97:4.13315241647085:72.1:72.13:74.52
PoP-RO=0.00:6.581:7.75371809972516:68.41:6.37554907556897:6.611:6.628:7.109
PoP-RR=0:90.92:101.992690476193:184.4:8.26960510982297:100.3:101:101.3
PoP-RS=0:58.61:63.4737715179982:102.155555556:6.45843579811796:58.65:58.74:69.16
PoP-SC=0:53.43:58.5537323943662:109.8:6.77896654612153:53.48:53.585:64.89
PoP-SE=0:79.69:84.2009780907669:116.68:5.42059372727669:81.74:81.81:93.78
PoP-SP=0:52.23:55.155465571205:87.8:4.14470190759095:52.32:56:56.51
PoP-TO=0.00:44.76:47.8880997251668:79.86:2.76611533193989:47.47:47.53:47.88
