PoP-AC=0.00:77.72:80.4411688311689:94.72:4.88115467735598:77.76:77.8:87.98
PoP-CE=0.00:70.81:72.5685714285714:81.13:3.84526801279533:70.82:70.85:81.03
PoP-ES=0:71.4:79.6285526315789:114.4:5.92692043789984:71.43:81.515:81.61
PoP-MA=0:73.93:74.0808974358975:74.21:0.0601121439861704:74.0:74.09:74.16
PoP-MT=0:70.35:70.5897368421053:73.57:0.487308180885847:70.42:70.5:70.62
PoP-PA=0.00:28.3:28.4012658227848:28.57:0.0406790782248275:28.35:28.4:28.45
PoP-PB=0.00:80.9:82.7675949367088:91.24:3.90854199821031:80.92:80.97:91.13
PoP-PE=0.00:60.37:91.9809852216749:125.0:10.3977084306445:92.59:92.63:100.1
PoP-PI=0.00:44.85:62.6379512195123:74.95:2.93149207433982:62.32:62.42:62.56
PoP-PR=0.00:63.58:72.4306329113924:75.8:4.58820319609373:65.02:75.15:75.63
PoP-RN=0.00:78.27:79.9662337662338:89.01:3.73697035992334:78.29:78.31:88.5
PoP-RO=0.00:74.5:82.6535443037975:86.89:4.04306815393591:74.52:84.59:84.69
PoP-RR=0:10.32:10.3897435897436:10.97:0.0789044195588778:10.34:10.38:10.4
PoP-RS=0.00:75.21:83.1248101265823:87.7:2.68973302495603:78.73:84.35:85.21
PoP-SC=0.00:70.11:78.0889333333333:82.99:2.69187645460331:73.97:79.14:80.16
PoP-SE=0:67.94:90.3973039215686:120.0:5.28411692812965:87.92:87.97:96.09
PoP-TO=0:43.65:44.1301485148515:50.91:1.44146155710905:43.7:43.77:44.09
