PoP-AC=0.00:64.6:66.3108275862069:91.79:4.4953331515784:64.61:64.68:69.28
PoP-AL=0:21.6:22.5628441127694:27.03:1.57640599237716:21.6:21.62:25.08
PoP-BA=0:12.1:12.116506849315:12.26:0.0202601176456371:12.1:12.11:12.14
PoP-DF=0.00:29.0:29.0104379562044:29.13:0.0158517308407365:29.0:29.01:29.03
PoP-ES=0:24.61:24.7373611111111:26.28:0.214113838458392:24.64:24.68:24.98
PoP-GO=0.00:31.75:32.3260000000001:58.78:3.61674661969934:31.79:31.8:31.82
PoP-MA=0.00:43.7:50.7440689655172:51.0:1.02421141517952:50.82:50.89:50.96
PoP-MG=0:32.4:32.4505147058823:32.75:0.0406670283264326:32.41:32.45:32.48
PoP-MS=0.00:56.6:58.796611570248:67.27:4.18394223066295:56.6:56.61:67.03
PoP-PA=0:52.81:53.3963698630137:89.01:3.90569661412262:52.85:52.93:53.0
PoP-PB=0.00:10.2:10.2638620689655:10.35:0.0351817938784365:10.22:10.26:10.3
PoP-PE=0:21.9:21.9537878787879:22.64:0.080528126074719:21.91:21.94:21.99
PoP-PR=0:46.44:48.128455882353:49.04:0.482219987718267:47.85:48.27:48.59
PoP-RN=0:7.629:7.68358904109589:7.975:0.0415133831744723:7.649:7.6765:7.733
PoP-RO=0:61.37:67.6417941981386:125.0:9.67656487052164:61.39:61.43:73.0
PoP-RR=0:62.27:87.7164459665082:106.944444444:9.63660398733974:62.3777777778:91.08944444445:91.25
PoP-SC=0:50.48:51.6225342465753:52.39:0.636672179645023:50.59:51.97:52.07
PoP-SP=0:41.19:41.4178082191781:44.22:0.326381399801983:41.26:41.31:41.99
