PoP-AC=0:52.37:55.934125:56.55:0.97800066494386:54.57:56.07:56.51
PoP-AL=0.00:39.6:41.58:44.41:1.80645043051138:39.64:43.1:43.55
PoP-AM=0.00:58.47:66.4538190954774:80.28:4.29378603008569:58.56:68.54:68.75
PoP-AP=0:53.9:57.261788888889:130.5:14.9349183489012:53.94:54.08:54.82
PoP-CE=0:41.24:41.469125:42.09:0.299033014349342:41.26:41.3:42.01
PoP-DF=0:16.52:16.6312820512821:16.77:0.0628616079301217:16.55:16.63:16.71
PoP-GO=0:19.22:19.805396039604:30.85:2.15694737573164:19.29:19.37:19.47
PoP-MA=0.00:38.29:38.925566502463:88.69:4.97571568554977:38.36:38.43:38.52
PoP-MG=0:9.81:10.2118846153846:36.489:3.0140424594807:9.833:9.8735:9.897
PoP-MT=0.00:34.04:35.387694642857:42.15:0.858008373283983:34.8375:35.54:35.6714285714
PoP-PA=0:40.4:40.559625:40.74:0.0666455531015229:40.47:40.56:40.64
PoP-PE=0:39.92:40.1207920792079:48.95:0.682962063687437:39.97:40:40.41
PoP-PI=0:44.5:44.575:44.71:0.0394904250675309:44.53:44.57:44.62
PoP-RN=0.00:48.63:48.7202597402597:48.87:0.0336379338672832:48.69:48.72:48.75
PoP-RO=0.00:48.2:53.5849391929244:91.0:7.918844311909:48.99:49.72:59.39
PoP-SC=0.00:9.474:10.8833417721519:12.0:0.72533438594748:9.524:10.95:11.97
PoP-SE=0:35.3:39.5282193732192:47.88:5.68148284422966:35.31:35.425:47.39
PoP-TO=0:25.08:25.21375:25.95:0.121284006056871:25.13:25.19:25.26
