PoP-AC=0.00:58.61:65.6032367149758:97.97:7.15925456179565:58.65:67.55:71.71
PoP-AL=0.00:53.98:57.4495238095238:61.33:1.76096054119576:54.98:57.46:59.34
PoP-AM=0:73.63:83.2174519230769:95.65:3.66568521088571:78.56:84.235:85.36
PoP-AP=0:69.69:69.934:71.22:0.477451568225062:69.69:69.75:70.22
PoP-BA=0:44.49:46.0993134535369:61.5285714286:1.26095708758742:45.32:45.93:46.96
PoP-CE=0:55.81:57.296935483871:67.04:1.51551277770096:55.99:57.28:58.3
PoP-DF=0.00:30.85:32.5717910447761:36.14:0.85561412531174:31.88:32.4:33.42
PoP-MA=0.00:52.87:55.4801951219512:80.89:4.00120275556641:53.77:54.57:55.48
PoP-MG=0.00:24.15:25.7427317073171:41.49:1.38204890212409:24.99:25.58:26.56
PoP-MS=0:28.34:34.2107366482503:61.11:12.1273081070557:28.37:28.4:59.94
PoP-MT=0:38.09:43.3569008714573:125.044444444:8.4096647375422:38.16:38.27:51.37
PoP-PA=0.00:54.83:57.2012440191387:71.42:2.76410845669376:55.58:56.58:57.44
PoP-PB=0.00:65.61:66.9906153846154:68.2:0.747020910272188:65.66:67.13:67.64
PoP-PE=0:54.26:55.8134375:65.04:1.3817865348098:54.29:55.75:56.65
PoP-PR=0.00:9.521:9.58673846153846:9.641:0.0240866125432589:9.558:9.589:9.618
PoP-RJ=0:22.31:26.8640291262136:52.81:8.00717786398485:23.34:23.835:34.39
PoP-RO=0:52.24:52.744696969697:75.24:2.86338434492475:52.28:52.315:52.38
PoP-RR=0.00:83.39:95.5639452495956:165.225:8.76615198649574:88.16:94.48:104.1
PoP-SC=0:5.956:6.04625480769231:6.57:0.0577169293891916:5.994:6.031:6.109
PoP-SP=0:14.65:16.1332692307692:18.58:0.631786734499059:15.53:16.11:17.12
PoP-TO=0:39.59:41.9013235294118:65.56:2.99439718404183:40.2:41.255:42.39
