PoP-AC=0.00:54.19:54.5557750342938:59.19:1.00667412340809:54.2:54.21:55.48
PoP-AM=0.00:60.36:68.1320253164557:70.86:4.26531730858754:60.4:70.46:70.55
PoP-CE=0.00:32.4:32.4539800995024:32.57:0.0299679763531743:32.42:32.45:32.49
PoP-DF=0.00:18.5:18.5290909090909:18.65:0.0241258661354573:18.5:18.53:18.55
PoP-GO=0.00:21.22:21.3146766169155:23.37:0.173297489594023:21.28:21.3:21.32
PoP-MT=0.00:36.68:36.8218181818182:37.41:0.0899667668669927:36.75:36.82:36.92
PoP-PA=0.00:42.3:42.5586206896552:51.41:1.20603723444037:42.33:42.38:42.47
PoP-PB=0.00:32.7:42.0066341463415:43.64:2.21858347490046:42.48:42.52:42.58
PoP-PI=0:46.3:46.5241666666667:56.94:1.07180883509285:46.35:46.4:46.48
PoP-RR=0:80.55:80.762:84.1:0.421598525208038:80.61:80.69:80.81
PoP-RS=0.00:24.15:25.7777832512316:40.58:1.33435804727609:25.01:25.59:26.59
PoP-SC=0.00:18.89:20.3736363636364:23.4:0.790219671475278:18.92:20.38:21.39
PoP-SE=0.00:25.71:26.2552216748769:43.52:2.24816411902267:25.75:25.79:26.24
PoP-TO=0:26.94:27.080740740741:28.73:0.231092702861717:26.98:27.03:27.14
