PoP-AC=0:53.44:60.6890865384615:96.04:7.44680553580731:53.49:62.41:66.95
PoP-AM=0:70.07:74.928:80.06:4.0757243391682:70.07:73.945:79.04
PoP-BA=0:40.14:40.559:41.2:0.366437807364302:40.14:40.74:40.75
PoP-DF=0:26.6:26.852:27.64:0.368474331986932:26.6:26.65:27.24
PoP-ES=0.00:27.16:31.2825134843578:90.31:8.01948606426809:28.01:28.625:39.3
PoP-GO=0:28.47:30.4698543689321:41.36:2.34382332601331:29.29:29.985:30.92
PoP-MA=0.00:47.51:49.1183018867925:50.59:0.654668841268401:48.03:49.16:49.58
PoP-MG=0:18.87:20.4394642857143:21.44:0.714846250838382:18.96:20.415:21.39
PoP-MS=0:23.2:23.217:23.24:0.0141813649195806:23.2:23.21:23.23
PoP-MT=0:32.98:33.056:33.23:0.0680196050180306:32.98:33.045:33.08
PoP-PA=0:50.7:51.666:51.98:0.42272134241589:50.7:51.93:51.96
PoP-PB=0.00:60.41:61.9803773584906:63.07:0.727794249939898:60.51:62.0:62.9
PoP-PE=0:49.05:50.6096296296296:54.56:0.876530387728902:49.11:50.55:51.57
PoP-PI=0.00:53.86:63.2881366459628:90.23:6.3453484660027:55.23:66.21:67.29
PoP-PR=0.00:4.358:4.43952830188679:4.799:0.062177352967632:4.38:4.437:4.477
PoP-RJ=0:29.63:29.743:29.8:0.0449814776697414:29.63:29.75:29.77
PoP-RR=0:79.62:87.946:90.94:4.32664149967008:79.62:89.745:90.29
PoP-RS=0:5.975:6.05768518518518:6.143:0.0434093390848586:5.99:6.065:6.108
PoP-SE=0:44.47:46.5260096153846:59.4:1.96671602490338:45.4:46.33:47.18
PoP-SP=0.00:9.548:10.9505700483092:14.47:0.659713304656918:10.35:10.93:11.91
PoP-TO=0:35.63:36.025:36.74:0.487561961874315:35.63:35.69:36.68
