PoP-AC=0.00:21.01:21.3598233215548:54.24:2.02754584837318:21.05:21.1:21.47
PoP-AL=0.00:72.1:96.0536749116607:121.1:14.0031583035941:72.22:104.0:104.4
PoP-AM=0:60.41:70.3303325508609:76.8111111111:1.81410978669722:70.35:70.475:70.62
PoP-AP=0:55.83:56.8071985815603:75.08:3.37351063058346:55.9:56.03:56.99
PoP-BA=0:59.17:84.6260874704493:96.76:14.6941487326922:59.26:93.26:93.35
PoP-CE=0:47.2:71.3908947368421:83.17:14.2957986166382:47.3:79.77:79.85
PoP-DF=0.00:18.45:18.6957972709551:22.19:0.52520811100742:18.53:18.57:18.67
PoP-ES=0:47.74:93.5405417160925:114.0:26.5210611934421:47.87:109.0:109.0
PoP-GO=0:15.62:15.9760638297872:57.43:2.51603846870101:15.68:15.73:15.81
PoP-MA=0.00:40.26:41.091711256942:130.685714286:5.71503855409634:40.36:40.43:40.64
PoP-MG=0.00:36.69:37.0317336485422:64.5555555556:1.85721992665516:36.75:36.81:36.89
PoP-MS=0:9.968:13.77612890625:63.81:13.0590808082295:10.001:10.04:11.47
PoP-PA=0.00:42.3:42.58074204947:45.88:0.591494513472766:42.36:42.44:42.58
PoP-PB=0.00:57.32:82.6794791666667:94.67:14.392061863247:57.45:90.86:90.96
PoP-PE=0:68.95:94.2287246087259:159.428571429:14.6416586444249:69.1:102:102.1
PoP-PI=0.00:46.29:46.8683547758284:89.63:3.67130838123845:46.36:46.44:46.58
PoP-PR=0.00:28.87:32.4530874951606:59.89:5.8307946028473:28.96:29.02:41.45
PoP-RJ=0.00:37.7:37.9112720848057:41.44:0.470774004481068:37.75:37.81:37.9
PoP-RN=0:54.71:80.2756890459364:100.0:14.6642324229893:54.8:88.76:88.87
PoP-RO=0.00:14.6:14.9174736842105:19.75:0.617769673829821:14.68:14.72:15.41
PoP-RR=0.00:70.46:81.8882055749119:172.125:8.87289214302698:80.46:80.68:80.94
PoP-RS=0:38.09:42.0991680738475:114.644444444:8.31317766052412:38.17:38.24:51.35
PoP-SC=0:32.9:36.5807472613458:93.47:6.42935281254739:33.0:33.09:45.88
PoP-SE=0.00:64.32:90.0924185609227:108.055555556:14.7124230793906:64.43:98.44:98.95
PoP-SP=0.00:34.09:35.335851777331:38.6:0.617246329168135:34.2:35.57:35.65
PoP-TO=0:26.92:27.2337636932708:30.54:0.520516001563482:27.01:27.09:27.42
