PoP-AC=0.00:35.9:36.9495100502513:60.0625:3.09373602107219:35.92:36.0:38.5
PoP-AL=0.00:48.38:50.1245226130653:53.93:0.820024419595454:49.47:50.19:50.54
PoP-AM=0.00:42.1:50.3176119402985:52.38:3.95358334535391:42.15:52.19:52.31
PoP-AP=0.00:37.65:37.8267123287671:39.37:0.262694662185608:37.7:37.76:37.84
PoP-CE=0:29.0:29.2373267326733:56.02:2.29875085745529:29.0:29.01:29.03
PoP-GO=0:3.047:3.09609:3.869:0.0586913560618336:3.068:3.094:3.115
PoP-MG=0:18.47:18.5993069306931:26.1:0.650636515631218:18.5:18.52:18.55
PoP-PA=0:24.1:24.250101010101:33.11:0.898197286445842:24.11:24.15:24.22
PoP-PB=0.00:39.07:39.1202739726027:39.19:0.0259257809861776:39.1:39.11:39.16
PoP-PE=0:49.79:50.1766666666667:50.91:0.477452158208467:49.8:49.835:50.82
PoP-PR=0:21.67:23.276875:23.75:0.576722747066286:21.88:23.445:23.71
PoP-RJ=0.00:19.51:19.5556164383561:19.66:0.0284793444455668:19.53:19.55:19.58
PoP-RN=0:36.4:36.6889108910891:58.2:2.15520630818215:36.43:36.46:36.52
PoP-RO=0.00:32.6:36.8709950248756:75.76:7.80948833182911:32.62:32.67:42.62
PoP-RR=0:62.35:62.5005050505045:66.56:0.51025525451713:62.37:62.43166666665:62.49
PoP-RS=0.00:30.91:32.9230150753769:42.36:1.8505974887667:31.75:32.5:33.47
PoP-SC=0.00:25.72:27.7862835249044:44.8555555556:1.98702048521136:26.6:27.38:28.32
PoP-SE=0:45.11:51.8073214285714:58.49:6.04023554359259:45.14:54.64:58.19
PoP-SP=0.00:16.5:16.9130150753769:28.94:1.82861512835518:16.53:16.62:16.7
PoP-TO=0:8.752:9.02006435643564:19.9:1.18912123195888:8.793:8.8375:8.893
