PoP-AC=0:63.79:66.4450349650339:110.0:5.35264244908784:65.34:65.39:65.66
PoP-AL=0.00:18.94:51.5458713450292:81.77:7.09457013526437:50.32:50.4:51.01
PoP-AM=0:44.87:62.6589510489511:94.74:2.7566342847857:62.33:62.43:62.54
PoP-AP=0:30.34:65.9505985915493:84.71:5.09046430582826:65.48:65.63:65.85
PoP-BA=0:25.71:48.2288223787165:68.84:4.96816166303917:47.22:47.3:47.38
PoP-CE=0:37.58:56.650944055944:57.18:1.96818827111209:56.87:56.91:56.97
PoP-DF=0:28.08:28.4252797202797:58.02:2.50762005545782:28.12:28.17:28.22
PoP-ES=0.00:40.59:57.3059167648211:60.91:1.47784775321273:57.39:57.45:57.58
PoP-GO=0.00:30.83:31.2040350877193:74.19:2.87588128541139:30.89:30.94:31.0
PoP-MA=0:6.322:6.39736971830987:6.575:0.0327327857562776:6.362:6.395:6.432
PoP-MG=0.00:46.32:46.5002090592334:56.94:0.913959317731437:46.35:46.4:46.47
PoP-MS=0:55.64:57.4134865900383:99.71:5.74448549185795:55.7:55.75:56.9
PoP-MT=0.00:46.3:46.9604413472707:89.83:3.94541053027843:46.37:46.44:46.64
PoP-PA=0.00:16.71:34.2335087719298:34.47:1.04272478109669:34.23:34.29:34.36
PoP-PB=0.00:32.91:43.787001949318:67.0:5.53466400449964:42.5:42.57:42.67
PoP-PE=0.00:15.83:48.6872438162543:78.65:7.22414063950607:47.2:47.28:47.35
PoP-PR=0:50.42:60.1744055944055:80.17:5.58052806686781:51.36:62.25:63.29
PoP-RJ=0:47.3:47.5305633802817:60.91:1.29838049416636:47.33:47.4:47.46
PoP-RN=0.00:32.91:59.0084870848708:64.5:9.5277415379365:42.59:64.36:64.44
PoP-RO=0.00:60.44:62.3521325536064:121.0:5.41607962435961:60.5:60.57:65.4
PoP-RR=0.00:55.03:90.5497173144872:142.0:6.71892595452019:89.99:90.25:90.43
PoP-RS=0.00:59.01:69.5458947368421:95.61:5.7013393215368:60.55:71.44:72.52
PoP-SC=0.00:53.81:64.2897057684865:90.26:5.64298233494776:55.31:66.29:67.34
PoP-SE=0.00:23.2:49.841149825784:73.98:5.5146618546396:48.52:48.59:49.39
PoP-SP=0.00:44.46:45.0251929824562:79.93:3.1390852228903:44.49:44.57:44.66
PoP-TO=0.00:32.13:36.6321169590642:38.75:0.456888848364516:36.55:36.64:36.74
