PoP-AC=0.00:44.49:47.7110614035088:57.21:0.942990887546047:47.47:47.53:47.92
PoP-AL=0.00:62.31:62.8742214532872:103.0:3.41546678617447:62.36:62.44:63.03
PoP-AM=0:43.65:44.0169366197183:50.67:1.1507506151658:43.7:43.79:43.9
PoP-AP=0:29.18:30.6715121283254:66.42:6.68465322621697:29.23:29.3:29.875
PoP-BA=0:49.37:49.8410139860139:90.75:3.54152073884473:49.41:49.46:49.53
PoP-CE=0.00:37.46:38.0144059976931:78.87:4.19572907605499:37.5:37.54:37.61
PoP-DF=0:8.754:8.92957492507482:17.82:0.71492018011227:8.802:8.8395:8.902
PoP-ES=0:37.96:38.2388421052632:47.07:0.949365462461027:38.01:38.08:38.4
PoP-GO=0:11.45:11.5898601398602:14.91:0.27512928001463:11.49:11.53:11.61
PoP-MA=0:26.18:30.6438271604941:32.09:0.520092539318401:30.53:30.63:30.8
PoP-MG=0.00:26.92:27.1242160278745:36.02:0.927704510856809:26.96:27.0:27.07
PoP-MS=0:36.28:37.5814800678542:58.89:3.95515336188591:36.31:36.37:37.61
PoP-MT=0:26.96:27.3413615023476:53.6166666667:1.67275970604004:27.02:27.09:27.4
PoP-PA=0.00:15.62:15.7536686159842:17.77:0.208521949560263:15.68:15.71:15.76
PoP-PB=0.00:47.52:48.0081881533101:88.95:3.48605145511263:47.56:47.64:47.75
PoP-PE=0.00:59.21:59.667052631579:100.0:3.40274812520012:59.27:59.34:59.44
PoP-PI=0:32.13:36.6282167832168:38.64:0.469965995631366:36.55:36.64:36.75
PoP-PR=0.00:32.02:49.4818437862948:86.5333333333:10.3578542492392:32.12:55.31:55.4
PoP-RJ=0.00:27.95:28.2341114982579:37.01:1.07773744553601:27.99:28.06:28.16
PoP-RN=0:44.89:45.1873271173272:86.7555555556:2.47944763612067:44.93:44.99:45.08
PoP-RO=0:41.02:41.2662633451957:44.57:0.450181616178181:41.1:41.15:41.32
PoP-RR=0.00:53.72:55.5677671957666:130.0:8.15332201832712:53.81:53.99:54.77
PoP-RS=0:39.44:41.8492812742811:96.5444444444:3.92444489552956:40.23:41.255:42.05
PoP-SC=0:34.27:36.4185314685315:53.19:2.57116737990724:35.05:35.765:37.0
PoP-SE=0.00:54.55:55.0791802168021:96.7125:3.52902950239058:54.59:54.65:55.2
PoP-SP=0:25.0:25.2713732394366:34.2:0.793310290548386:25.09:25.16:25.24
