PoP-AL=0.00:51.1:53.6856790123457:59.89:2.10338235841206:51.1:53.26:56.7
PoP-AM=0:44.9:53.62765:87.87:4.33380981528686:44.92:54.945:55.08
PoP-BA=0:41.6:42.2855128205128:43.76:0.992799593222016:41.6:41.61:43.73
PoP-CE=0:31.76:31.8007692307692:31.86:0.0117073881623391:31.79:31.8:31.81
PoP-DF=0:3.052:3.09052:3.176:0.0187889521690494:3.066:3.091:3.113
PoP-ES=0:32.29:32.4461616161617:44.5:0.880135207735002:32.3:32.31:32.69
PoP-MA=0.00:24.8:25.0484924623116:40.78:1.58522175700508:24.84:24.88:24.96
PoP-MT=0.00:15.64:15.8061333333333:18.58:0.456969729121171:15.69:15.73:15.77
PoP-PB=0:41.82:41.8969230769231:41.97:0.027174648758685:41.86:41.9:41.93
PoP-PI=0:30.86:31.0219696969697:46.76:1.12513040827532:30.89:30.93:31.01
PoP-PR=0:24.42:26.4491414141414:44.4:2.27622444768642:25.81:26.105:26.48
PoP-RJ=0.00:22.23:22.2904020100503:22.42:0.0233081941215502:22.26:22.29:22.31
PoP-SE=0.00:46.73:52.2124050632912:60.98:5.86827393816146:46.8:48.9:60.93
PoP-SP=0.00:19.22:19.8153768844221:30.85:2.17247769308172:19.3:19.39:19.47
PoP-TO=0.00:11.44:11.5503797468354:11.66:0.0371912258042258:11.5:11.55:11.6
