PoP-AC=0.00:79.71:84.511407407407:114.7:5.70925191986429:81.73:81.81:93.8
PoP-AL=0:4.553:4.71693550893552:6.215:0.316410700533589:4.583:4.603:5.086
PoP-AM=0.00:67.89:91.049019434629:110.0:6.22450887696222:87.92:87.98:98.19
PoP-AP=0:83.41:84.6853846153846:125.0:4.79666410651379:83.48:83.6:84.58
PoP-BA=0.00:5.446:7.43931358885018:17.52:3.90883652666969:5.471:5.485:17.44
PoP-CE=0.00:17.23:18.7749477351917:30.14:3.87805750083399:17.28:17.3:29.29
PoP-DF=0.00:44.01:47.0265853658536:58.48:3.89169712096458:45.12:46.11:57.17
PoP-ES=0:17.92:19.3414840989399:30.75:3.67155646390671:17.97:18.0:29.98
PoP-GO=0:46.75:49.4407237871676:61.05:4.22387819100274:46.8:48.895:58.82
PoP-MA=0:29.33:67.8016510172143:72.0111111111:3.26058381689179:67.94:68:68.09
PoP-MG=0:25.71:27.2628684003153:38.16:3.84701455780563:25.75:25.79:37.79
PoP-MS=0.00:59.21:64.3378817155069:85.7:5.65611756471784:60.7:61.17:73.7
PoP-MT=0:64.34:89.8312010954609:110.0:14.8724401617536:64.42:98.44:98.7
PoP-PA=0:39.64:66.5161883802817:82.03:8.30478110202517:67.81:67.99:70.08
PoP-PB=0:9.818:9.94998943661972:11.325:0.184477533850097:9.881:9.912:9.949
PoP-PE=0.00:7.589:7.68577508650519:9.617:0.250290389546432:7.614:7.634:7.668
PoP-PI=0.00:23.2:49.7954006968642:83.01:6.03777002578987:48.52:48.59:48.96
PoP-PR=0:40.39:43.6331118881119:75.31:4.34825874826028:41.82:42.29:53.84
PoP-RJ=0:28.1:30.0829370629371:54.78:4.5236241226523:28.11:28.15:40.18
PoP-RN=0:12.5:20.596993006993:27.13:5.77202369996292:12.56:24.7:24.77
PoP-RO=0.00:76.34:82.6411807975223:133.36:8.30671112917774:76.39:78.51:90.56
PoP-RR=0.00:69.69:106.459841826788:126.777777778:7.63098687157221:108.0:108.0:108.4
PoP-RS=0.00:49.62:53.0257491289199:69.74:4.40440149126723:50.5:51.14:63.09
PoP-SC=0:44.43:48.082027972028:66.75:4.36831414901411:45.35:46.35:57.54
PoP-SP=0.00:35.28:37.0655789473684:59.76:4.3280294403083:35.31:35.34:47.35
PoP-TO=0:54.55:55.1530963480965:96.14:3.61471470397213:54.59:54.65:55.09
