PoP-AC=0:65.2:66.3486682427106:98.4:3.91327195335971:65.21:65.26:68.06
PoP-AL=0.00:22.26:22.9036788378484:26.73:1.22343566927703:22.3:22.31:25.74
PoP-AM=0.00:71.4:79.4262544169612:82.47:4.09547104543331:71.42:81.47:81.61
PoP-AP=0:66.87:68.8337746256894:113.0:8.45735653054274:66.91:67.03:67.67
PoP-BA=0.00:12.8:12.8393639575972:14.17:0.139757712226807:12.8:12.8:12.89
PoP-CE=0.00:24.6:24.7175618374558:31.87:0.45365738965712:24.63:24.66:24.72
PoP-DF=0:29.51:29.6451525821595:40.3777777778:0.652498256556587:29.54:29.58:29.73
PoP-GO=0.00:32.29:32.4932384341637:65.98:2.03588797143433:32.3:32.31:32.47
PoP-MA=0.00:44.4:51.3840636042403:55.07:0.768012602523792:51.35:51.42:51.51
PoP-MG=0.00:18.6:21.2595789473684:48.02:4.67895413462472:18.66:18.7:27.52
PoP-MS=0:41.97:47.5174708171206:59.3:6.20848394337339:43.4:43.88:57.15
PoP-MT=0.00:47.77:93.3893567251488:112.6:26.5323606130411:47.86:109.0:109.1
PoP-PA=0.00:53.34:53.6129824561403:71.17:1.3946842806374:53.37:53.43:53.52
PoP-PB=0.00:24.9:33.971625441696:35.65:2.65670598867812:34.68:34.72:34.79
PoP-PE=0:22.6:22.6518309859155:24.08:0.127171566688864:22.6:22.62:22.68
PoP-PI=0.00:47.81:57.3609383588536:60.9:1.1546197056816:57.39:57.45:57.57
PoP-PR=0:23.1:27.2942136150236:71.9:6.91536783113214:24.54:25:35.2
PoP-RJ=0.00:10.37:10.5862544169612:52.64:2.51174336172784:10.39:10.41:10.48
PoP-RN=0:32.02:32.1373680063043:33.85:0.197935032450288:32.06:32.1:32.18
PoP-RO=0.00:61.87:64.9447251461986:106.76:6.95366441521154:61.9:61.95:71.79
PoP-RR=0.00:82.29:91.7420848056513:108.622222222:2.08365391666066:91.44:91.67:92.11
PoP-RS=0:32.32:36.4002278177457:59.44:6.08435186798739:33.23:34.165:44.96
PoP-SC=0:27.16:31.225390070922:60.62:6.42780398597994:28.03:28.67:39.27
PoP-SE=0:17.92:19.2095981087471:31.64:3.50530656805528:17.97:18:20.53
PoP-SP=0.00:18.0:20.5883234480032:55.74:6.54286244462297:18.02:18.05:28.22
PoP-TO=0:37.97:38.2543492618493:47.06:0.950836842071307:38.01:38.08:38.43
