PoP-AC=0.00:90.93:102.255696559502:180.0:8.42843316174645:100.3:101.0:101.7
PoP-AL=0:77.42:113.155671067109:135.3:9.28571962077246:109.444444444:115.6:116.3
PoP-AM=0:10.33:10.4527941176471:13.95:0.440663832979611:10.35:10.38:10.47
PoP-AP=0:24.76:28.7031576797387:145.9:19.3122956292134:24.81:24.96:25.32
PoP-BA=0.00:102.8:103.032835820896:105.4:0.303708422621354:102.9:103.0:103.0
PoP-DF=0.00:62.27:62.439270315091:63.27:0.124504788210322:62.35:62.43:62.51
PoP-ES=0:84.2:91.792905555555:108.72:2.54336999562333:91.43:91.65:92.1
PoP-GO=0:54.95:65.8537492063475:108.214285714:6.22466469077561:64.93:65.12:65.53
PoP-MA=0:84.1:84.2811631944438:84.72:0.104681413332035:84.18:84.27:84.37
PoP-MG=0.00:70.41:80.948098396906:111.255555556:4.14371727556203:80.43:80.61:80.82
PoP-MS=0.00:89.89:90.0798507462687:91.5:0.244413289671907:89.96:90.03:90.13
PoP-MT=0:80.58:80.7815488215485:83.66:0.401810899799226:80.62:80.71:80.8
PoP-PA=0.00:38.51:38.686719576719:41.78:0.527179038935177:38.53:38.59:38.66
PoP-PB=0.00:67.57:98.7409179248941:113.8:7.93308237034868:100.5:101.0:101.1
PoP-PE=0:79.18:109.782667766777:135.7:8.83224593785374:110.125:112.1:113.0
PoP-PI=0.00:55.05:90.8313116531161:140.0:7.7047196520073:89.96:90.2:90.45
PoP-PR=0:108.1:108.7234375:111.8:0.461447751955116:108.3:108.7:109.0
PoP-RJ=0:71.41:81.2544277777775:102.16:5.29499250568948:71.61:81.61:82.93
PoP-RN=0:64.87:96.2133169934643:119.16:8.67542024458162:98.34:98.57:98.76
PoP-RO=0.00:94.59:94.8891583747941:96.93:0.372115433217961:94.72:94.79:94.92
PoP-RS=0:83.3666666667:95.2328822882287:142.9:7.76913997520076:89.36:94.545:102.7
PoP-SC=0:77.97:89.988159371493:137.1:7.62192730065222:79.96:89.37:98.3444444444
PoP-SE=0:69.65:105.392719629104:124.857142857:8.85179613229301:107.9:108:108.111111111
PoP-TO=0:53.6888888889:56.5153431372544:100.28:9.42079221313848:53.78:53.98:59.3444444444
