PoP-AC=0:49.41:55.1924224806201:144.58:8.87522122505013:49.43:49.81:59.39
PoP-AL=0:44.75:46.9398837209302:63.6:1.86201503388949:46.19:46.63:48.37
PoP-AM=0.00:63.58:72.8879467680609:87.06:4.54532210300298:65.09:75.14:75.63
PoP-AP=0.00:60.2:78.9440421455938:137.9:12.0360938527765:61.65:84.21:84.4
PoP-BA=0:35.22:37.0990909090909:53.96:1.86282093396215:36.66:36.79:37.21
PoP-CE=0.00:46.3:48.2350579150579:69.23:1.86368152173639:47.71:48.12:48.56
PoP-DF=0.00:21.65:23.4261596958175:49.55:1.93348360735142:23.07:23.25:23.68
PoP-ES=0:23.1:27.4379727201399:57.21:6.40628188406602:24.54:25.0:35.21
PoP-GO=0.00:24.41:26.5483141762452:45.94:2.37287318394095:25.83:26.06:26.49
PoP-MA=0:44.34:62.1013636363636:94.65:11.2365796097986:44.48:68.66:68.74
PoP-MG=0:14.9:16.4446564885496:17.65:0.495292471682157:16.31:16.39:16.82
PoP-MS=0.00:19.15:23.5623753561252:52.03:10.7830281883874:19.17:19.2:50.72
PoP-MT=0.00:28.89:32.997549335049:111.511111111:7.80308888676555:28.96:29.03:41.44
PoP-PA=0.00:45.45:47.6506037735849:68.95:2.39819763714406:46.93:47.4:47.6
PoP-PB=0.00:56.34:58.0307984790874:64.71:0.629348179459387:57.85:57.96:58.39
PoP-PE=0.00:45.09:46.8171320754717:61.68:1.26815127368365:46.51:46.95:47.03
PoP-PI=0:50.42:59.8866030534351:80.19:5.71405334748668:50.95:62.23:63.29
PoP-RJ=0.00:13.06:17.8757034220532:66.74:7.93892027501725:14.48:14.97:25.17
PoP-RN=0.00:53.76:55.3609505703422:60.35:0.589461723528264:55.17:55.32:55.75
PoP-RO=0.00:43.02:51.1244613434727:114.2:10.775821679196:43.08:43.16:65.64
PoP-RR=0.00:83.75:103.259976040722:132.0:10.7955148543964:85.26:108.2:109.0
PoP-RS=0.00:9.508:9.6018716981132:10.744:0.0835417614167851:9.547:9.587:9.662
PoP-SC=0:4.34:4.43724242424243:4.73:0.0534557307637094:4.384:4.4265:4.51
PoP-SE=0:40.41:43.1364122137405:60.73:3.58823280525033:41.82:42.3:43.14
PoP-SP=0.00:5.464:7.02333079847909:14.001:0.735848205130958:6.359:6.987:7.444
PoP-TO=0:32.02:48.6306416881996:58.72:10.5251101146837:32.12:55.31:55.41
