PoP-AC=0:30.43:39.1763620763633:190.666666667:19.4051067745841:30.47:30.5:74.39
PoP-AL=0:63.57:67.8251232166016:86.34:4.69073768796949:65.01:65.52:78.02
PoP-AM=0.00:69.7:79.5997949218749:101.0:5.71919327764041:69.73:79.79:81.21
PoP-AP=0.00:65.19:67.359462081129:156.0:7.55970277586365:65.21:65.3:68.72
PoP-BA=0:54.1:57.3105223550244:76.13:4.20008527398754:55.5:56.0:66.54
PoP-CE=0.00:56.6:57.5722672064779:68.11:2.98076320938273:56.6:56.61:57.37
PoP-DF=0:27.8:29.3466538461538:57.45:4.76194299789876:27.85:27.89:28.71
PoP-ES=0.00:41.95:47.4677604842194:65.54:6.22143886745649:43.4:43.89:57.15
PoP-GO=0:25.0:27.3341452991453:64.41:6.96969660211814:25.0:25:44.72
PoP-MA=0:49.66:51.1116374269008:113.0:5.45121388033371:49.68:49.73:50.62
PoP-MG=0:33.71:36.638237704918:50.95:3.6096860676589:35.18:35.62:46.1
PoP-MT=0:9.965:14.095484770485:67.225:13.6952845177806:9.998:10.039:12.07
PoP-PA=0.00:51.63:53.3075971093045:77.32:4.87783151923401:51.68:51.73:53.67
PoP-PB=0:66.64:67.7750161364684:77.51:3.07642896153204:66.6888888889:66.71:68.01
PoP-PE=0:63.89:67.4218333333333:87.94:4.51508165100195:65.31:65.81:77.24
PoP-PI=0.00:55.67:57.8928633004914:122.914285714:7.44268961490081:55.7:55.74:62.24
PoP-PR=0:19.12:23.8094985250739:51.98:11.1050202970002:19.16:19.19:50.74
PoP-RJ=0:31.9:37.0718359375:48.2:6.08732963673834:32.8:33.8:47.11
PoP-RN=0:64.0:65.1757079646018:75.99:3.15675764509892:64.03:64.09:74.0
PoP-RO=0:24.06:29.8286610878662:112.8:16.8203941804184:24.09:24.1:69.98
PoP-RR=0.00:79.77:92.0922637781889:158.0:8.70013549931517:89.78:89.98:100.76
PoP-RS=0:28.32:32.1297449200175:61.3:10.0543162846725:28.37:28.4:59.46
PoP-SC=0:23.17:27.5899557522124:55.83:10.7142431265961:23.2:23.24:54.33
PoP-SE=0.00:59.23:64.1794918173989:85.7:5.45851274765349:60.7:61.18:73.38
PoP-SP=0:24.3:27.8747287581698:50.6125:5.8533318512526:25.73:26.18:44.12
PoP-TO=0.00:36.26:37.45740234375:58.9:3.68113521362897:36.31:36.3775:37.65
