PoP-AC=0.00:74.7:76.6215773311:112.333333333:5.96160517312692:74.73:74.79:77.77
PoP-AL=0:5.626:5.79002873563224:7.186:0.341175489388479:5.634:5.6775:6.102
PoP-AM=0.00:80.91:81.9915254237288:91.15:3.09446269279614:80.93:80.96:91.08
PoP-ES=0:24.89:34.1396428571428:36.09:2.43715689235455:34.68:34.72:34.85
PoP-MA=0.00:53.8:60.9226633165829:61.17:0.720656576482855:60.91:60.97:61.09
PoP-MS=0.00:66.64:66.7734426229508:67.84:0.208109628534578:66.7:66.71:66.78
PoP-PA=0:34.6:62.9193939393939:104.0:4.0882385017354:62.92:62.975:63.1
PoP-PI=0:32.9:44.4603030303031:73.39:6.89309894790929:42.5:42.55:42.63
PoP-PR=0.00:47.43:58.0848730964467:73.1:1.49849911616766:57.84:57.97:58.39
PoP-RJ=0.00:35.11:43.5249152542373:45.08:3.410517896197:35.15:44.93:44.97
PoP-RN=0:2.872:2.9255:3.174:0.0279486247987178:2.902:2.9225:2.947
PoP-RO=0:71.41:76.5087373737373:135.1:8.77768154591823:71.47:71.54:83.4
PoP-RR=0:101.0:101.013333333333:101.3:0.050309774883381:101.0:101:101.0
PoP-RS=0:62.1:67.40815:93.37:2.25686224957675:66.47:67.16:68.03
PoP-SC=0:55.91:61.7132828282828:67.98:0.795178255281514:61.27:61.54:62.43
PoP-SE=0:9.853:9.96063793103448:11.23:0.236532531665355:9.879:9.905:9.947
