PoP-AC=0:80.644:84.736118705036:86.962:2.9143585017699:80.748:86.8475:86.917
PoP-AL=0:30.730:51.6294476534296:92.567:28.2663145834793:30.772:31.023:90.851
PoP-AM=0:40.116:40.1978617021277:40.271:0.0242163738394834:40.167:40.199:40.227
PoP-AP=0:28.378:28.4953805309734:28.573:0.0359738963703008:28.447:28.4995:28.535
PoP-BA=0:36.589:52.7120877862595:96.776:24.7916550062741:36.669:36.917:91.386
PoP-CE=0:14.246:33.0170882352941:74.260:27.7864323713169:14.291:14.333:74.159
PoP-DF=0:39.880:43.2921076388889:109.993:4.17179367905108:40.590:43.1875:44.009
PoP-ES=0:49.147:59.476051369863:152.062:12.3670366095726:49.429:51.784:73.401
PoP-GO=0:41.150:45.4175450980392:47.402:2.85159600099362:41.203:47.333:47.364
PoP-MG=0:54.001:56.6094037037037:65.401:3.64022095462595:54.026:54.0565:61.706
PoP-MS=0:65.921:70.0050293040293:72.171:2.91454270437286:65.979:72.096:72.133
PoP-MT=0:56.561:60.7238266666667:62.845:2.89427192396485:56.654:62.7665:62.812
PoP-PA=0:10.762:11.0272471910112:44.439:2.05283950576056:10.846:10.907:10.951
PoP-PB=0:24.422:42.6957208480565:84.416:27.5839934861081:24.472:24.511:84.384
PoP-PE=0:26.674:45.9827198581561:87.031:27.6071100306621:26.733:26.968:86.784
PoP-PI=0:26.526:26.6387491289198:30.320:0.281470874032649:26.565:26.600:26.636
PoP-PR=0:61.494:70.0365490909091:123.581:12.1721609283052:61.662:62.533:84.812
PoP-RJ=0:59.274:63.8680772058823:66.270:1.00416136252637:63.315:64.308:64.344
PoP-RN=0:21.757:41.4862205882353:81.854:28.1488914261188:21.833:21.9255:81.794
PoP-RO=0:74.340:78.4510814814815:85.226:2.96378410922983:74.420:80.519:80.587
PoP-RR=0:50.080:50.141540425532:50.217:0.0210640421051355:50.117:50.141:50.164
PoP-RS=0:74.309:82.3447302158273:99.854:11.0633093534962:74.374:76.066:99.798
PoP-SC=0:67.287:70.4232080291971:129.189:6.03364297501645:67.393:68.892:73.060
PoP-SE=0:39.406:60.4851403508772:102.690:26.3716702717878:41.884:42.120:101.848
PoP-SP=0:56.575:59.9569003690037:78.984:6.51003947712588:56.632:56.677:75.173
PoP-TO=0:26.484:26.7624206642066:62.000:2.40497861239764:26.538:26.569:26.592
