PoP-AC=0:68.831:72.9222915129152:73.126:0.452983173461641:72.914:72.975:73.033
PoP-AL=0:16.860:17.3736301369863:41.471:2.06908280562802:16.933:17.0795:17.168
PoP-AM=0:72.732:72.8499207547169:73.026:0.0328161395594388:72.812:72.850:72.892
PoP-AP=0:42.140:54.8902555066079:81.612:18.3570021140666:42.219:42.277:81.505
PoP-BA=0:22.736:23.3890758122744:52.130:2.60420735625591:22.821:22.974:23.039
PoP-DF=0:29.173:29.269972027972:29.413:0.0351821214651133:29.228:29.268:29.313
PoP-ES=0:35.257:37.9200775193799:68.056:3.32333485319975:35.487:37.7995:40.142
PoP-GO=0:33.374:33.433894160584:33.553:0.0280980706796793:33.400:33.4305:33.470
PoP-MA=0:14.249:33.0735867158672:74.308:27.8173207582848:14.279:14.317:74.157
PoP-MG=0:40.119:40.213187250996:49.314:0.577577451774981:40.143:40.171:40.225
PoP-MS=0:58.116:58.1890559701493:58.294:0.0284403680234728:58.155:58.1865:58.228
PoP-MT=0:48.773:48.8654489795919:49.007:0.0364410194177218:48.824:48.862:48.914
PoP-PA=0:24.565:36.5333270676692:83.175:18.3791426429213:24.643:24.702:63.906
PoP-PB=0:10.542:10.6287337883959:11.424:0.0537374781703556:10.596:10.624:10.659
PoP-PE=0:12.804:13.1926167883212:29.093:1.44302804945413:12.861:13.024:13.069
PoP-PI=0:28.469:33.5189090909091:79.713:14.0865307458885:28.621:28.7035:40.459
PoP-PR=0:47.693:48.5944824902724:49.886:0.631690539877258:47.802:48.717:49.676
PoP-RJ=0:50.444:50.6162205323194:50.825:0.0734778153310337:50.525:50.613:50.713
PoP-RN=0:7.874:8.02756140350877:8.205:0.0510184368582907:7.959:8.035:8.082
PoP-RO=0:66.508:66.7811586715867:74.348:0.683241116208964:66.587:66.637:66.705
PoP-RR=0:59.333:62.1135796460177:73.071:3.54881408364723:59.372:62.4955:63.572
PoP-RS=0:60.609:61.5885335820896:63.847:0.791536198271122:60.698:62.2145:62.375
PoP-SC=0:53.575:54.4738102189781:55.451:0.78154115645687:53.635:55.145:55.284
PoP-SE=0:27.956:28.5435241635688:45.564:2.27361761928103:28.020:28.184:28.242
PoP-SP=0:42.749:42.8361161971831:42.972:0.0400681030400437:42.794:42.8285:42.900
PoP-TO=0:48.052:48.1162949640288:48.274:0.0343245190589618:48.078:48.112:48.159
