PoP-AC=0:78.719:83.1758884892086:83.326:0.439992941944476:83.163:83.221:83.273
PoP-AL=0:6.721:6.78688518518519:6.877:0.0208684533379541:6.761:6.786:6.812
PoP-AM=0:83.036:83.0944817518248:83.188:0.0253972402202227:83.059:83.094:83.128
PoP-AP=0:52.375:65.3091975308642:110.995:19.0682538113841:52.427:52.467:91.741
PoP-BA=0:12.585:12.6869090909091:13.867:0.103232971719157:12.648:12.678:12.711
PoP-CE=0:10.536:10.6415381818182:10.781:0.0317709841600608:10.603:10.640:10.681
PoP-DF=0:39.454:39.5315305343511:39.622:0.0281023891690431:39.500:39.5315:39.566
PoP-ES=0:25.131:27.3143309090909:31.058:1.72829730656528:25.188:27.505:29.847
PoP-GO=0:43.599:43.6818644688644:43.785:0.0274558460249134:43.647:43.683:43.714
PoP-MA=0:24.406:43.2540150943396:84.428:27.8243998553496:24.471:24.513:84.387
PoP-MG=0:32.849:39.9765884615384:50.841:8.57814150047586:32.895:32.9495:50.393
PoP-MS=0:68.346:68.4383602941176:68.569:0.0276086709710716:68.405:68.438:68.471
PoP-MT=0:58.977:59.1137442748091:59.235:0.0319981960636601:59.077:59.114:59.150
PoP-PA=0:34.751:49.7753440860215:93.448:19.9458780997215:34.842:34.924:74.183
PoP-PE=0:2.646:2.72600766283525:2.781:0.0204903339946296:2.703:2.726:2.753
PoP-PI=0:18.335:25.6053972125436:109.135:22.157851850256:18.377:18.411:34.579
PoP-PR=0:57.853:58.7857543859649:59.906:0.624330686144171:57.952:58.872:59.826
PoP-RJ=0:35.209:39.9374198473283:88.869:6.25438334560485:35.292:37.6465:47.976
PoP-RN=0:3.044:3.20754092526691:3.290:0.0434388642378243:3.156:3.213:3.256
PoP-RO=0:76.737:76.920015936255:83.526:0.472852754812971:76.821:76.881:76.919
PoP-RR=0:66.609:74.029371559633:93.780:10.4007907025949:66.648:69.7725:93.689
PoP-RS=0:70.698:71.662988372093:73.974:0.800013416629855:70.791:71.131:72.525
PoP-SC=0:63.612:64.7318571428571:103.640:2.50101064088959:63.736:64.017:65.540
PoP-SE=0:17.781:17.8798350515464:17.935:0.0235193304613695:17.853:17.880:17.908
PoP-SP=0:52.869:53.01563878327:55.947:0.294132329129272:52.925:52.971:53.082
PoP-TO=0:58.290:58.3708076923077:58.445:0.0253516111460751:58.338:58.373:58.401
