PoP-AC=0:72.631:80.5339731800767:80.863:0.683665794451107:80.527:80.592:80.654
PoP-AL=0:9.337:9.44501879699249:9.520:0.037120655187035:9.394:9.4465:9.491
PoP-AM=0:80.307:80.4692110726644:80.572:0.0457653330820528:80.408:80.475:80.525
PoP-AP=0:49.716:65.2737489539749:89.189:19.2189763828778:49.800:49.867:89.115
PoP-BA=0:15.217:15.3396984732824:15.958:0.0569500412686651:15.275:15.3405:15.391
PoP-CE=0:7.897:8.05811151079137:23.021:0.901835423968644:7.950:8.004:8.066
PoP-DF=0:36.769:36.9038807017544:37.010:0.0448794921799342:36.841:36.910:36.959
PoP-ES=0:27.755:30.320148409894:32.575:1.61562318495645:27.876:30.191:32.524
PoP-GO=0:40.929:41.0564679245283:41.250:0.0464558269010046:40.997:41.059:41.111
PoP-MA=0:21.755:45.2812323943662:81.829:29.274615354325:21.824:21.9175:81.789
PoP-MG=0:35.464:41.735571969697:85.892:6.62470655885946:35.563:37.173:47.785
PoP-MS=0:65.685:65.8130076045628:65.915:0.0410551659828887:65.755:65.817:65.864
PoP-MT=0:56.350:56.4884535315985:56.582:0.0478168407409539:56.416:56.494:56.548
PoP-PA=0:32.095:46.9955427509294:71.597:19.0442720719144:32.194:32.298:71.544
PoP-PB=0:3.053:3.16989694656488:3.267:0.0423218926328007:3.113:3.175:3.222
PoP-PE=0:5.257:5.38043321299639:5.466:0.0372538303861755:5.330:5.385:5.425
PoP-PI=0:20.920:25.7747020547945:87.284:16.5664780103357:21.015:21.081:21.187
PoP-PR=0:54.467:57.263356060606:89.072:4.45300352457207:55.327:56.293:57.256
PoP-RJ=0:37.867:41.7628138686131:100.777:5.44195604226646:37.986:40.3435:43.419
PoP-RO=0:74.038:74.2891725352113:79.034:0.375132195987876:74.178:74.252:74.316
PoP-RR=0:63.987:71.1523445378151:91.168:9.52686966084896:64.020:67.15:91.023
PoP-RS=0:67.965:68.9764194756554:71.192:0.814010698559562:68.140:68.389:69.931
PoP-SC=0:60.969:61.934205882353:63.201:0.793696830382689:61.076:61.3735:62.844
PoP-SE=0:17.249:20.526965648855:20.630:0.26607081915942:20.484:20.5545:20.597
PoP-SP=0:50.177:50.3480147058824:50.639:0.0660192284769984:50.270:50.346:50.420
PoP-TO=0:55.593:55.7444771929825:56.164:0.0493684445076566:55.686:55.744:55.796
