PoP-AC=0:77.579:86.8912971014493:141.637:4.69580903732734:85.548:85.6115:90.679
PoP-AL=0:4.335:4.36462453531598:4.426:0.0146640333260947:4.347:4.364:4.383
PoP-AM=0:85.402:86.8823068592058:142.174:4.42734078303534:85.458:85.487:91.948
PoP-AP=0:54.591:68.7793302752294:113.438:18.8922016823488:54.680:54.9325:94.154
PoP-BA=0:10.213:10.2766509803922:10.910:0.0593035012862319:10.246:10.273:10.300
PoP-CE=0:12.810:13.2431418918919:28.469:1.63521846779734:12.872:13.03:13.076
PoP-DF=0:41.849:43.6162509505704:105.739:5.63055032747393:41.894:41.934:48.327
PoP-ES=0:22.752:24.9087195571956:27.485:1.79290659181844:22.782:25.113:27.443
PoP-GO=0:46.000:47.2607527272727:101.128:4.28876644303068:46.040:46.067:51.127
PoP-MA=0:26.630:46.9112639405205:86.978:27.977238907397:26.711:26.960:86.775
PoP-MG=0:30.469:43.099663003663:88.933:13.2614275678004:30.496:41.506:63.109
PoP-MS=0:70.122:72.2831806020067:122.374:4.62180193884415:70.795:70.829:75.936
PoP-MT=0:60.817:62.8415547169812:124.234:4.64570895503622:61.459:61.509:66.599
PoP-PA=0:37.005:51.2469078014184:76.601:18.5145890444841:37.113:37.3565:76.549
PoP-PB=0:2.647:2.72141825095057:2.774:0.0199900731468362:2.697:2.722:2.744
PoP-PI=0:15.939:26.9405610687023:121.768:31.5151938533019:15.964:15.991:54.000
PoP-PR=0:45.429:60.5772490842491:90.460:5.65711346742487:51.313:61.389:62.485
PoP-RJ=0:32.853:40.7485799256505:89.689:9.20067096627173:35.181:37.534:61.498
PoP-RN=0:5.252:5.41094661921708:5.492:0.0467595750055624:5.353:5.417:5.466
PoP-RO=0:78.647:80.58525:110.148:3.73254862495313:79.224:79.2875:84.351
PoP-RR=0:68.977:75.4636514522822:96.057:7.83892398087888:69.021:72.153:85.817
PoP-RS=0:58.071:74.0921079136691:99.021:5.10782363057069:67.547:74.8365:75.007
PoP-SC=0:50.343:66.1265639097744:92.916:6.1905524578694:59.045:66.3165:67.935
PoP-SE=0:12.175:15.4249052631579:15.529:0.418134945373618:15.455:15.480:15.505
PoP-SP=0:39.530:56.4461634980988:137.429:8.92950749263134:50.406:55.494:67.143
PoP-TO=0:60.647:63.4702841328413:105.951:8.40477611289306:60.728:60.757:65.814
