PoP-AC=0:80.824:85.1547081850534:130.197:6.06357304320254:80.908:80.997:95.509
PoP-AL=0:12.738:14.3121740740741:14.953:0.148131771170301:14.293:14.318:14.351
PoP-AM=0:82.208:90.8612186379929:132.616:5.01412065339907:82.673:88.866:95.457
PoP-AP=0:64.500:76.6801255411255:104.128:16.4626892545803:64.595:64.856:100.998
PoP-CE=0:22.725:23.3562919708029:44.669:2.3126811681474:22.839:22.981:23.072
PoP-DF=0:38.502:41.0347427536232:88.484:4.63548101994919:38.569:38.6305:44.842
PoP-ES=0:12.984:15.4135612244898:17.747:1.46156194722979:13.064:15.382:17.709
PoP-GO=0:41.301:44.9883592592593:64.455:5.22463516029444:41.366:41.4245:52.990
PoP-MA=0:36.598:53.8784248120301:96.853:25.4930139071802:36.682:36.912:93.718
PoP-MG=0:20.700:35.7085444015444:62.862:19.3061688372259:20.756:20.828:62.781
PoP-MS=0:66.088:70.1424053030303:80.839:5.31484201970496:66.142:66.203:77.794
PoP-MT=0:56.744:61.109401459854:94.424:5.66062050658381:56.812:56.8785:68.429
PoP-PA=0:46.893:59.9689379562044:105.740:16.925569596136:47.087:47.3195:83.415
PoP-PB=0:12.580:12.6709852941177:13.876:0.0867159323250551:12.632:12.665:12.698
PoP-PE=0:10.206:10.2848060836502:11.475:0.100943962806615:10.248:10.274:10.298
PoP-PI=0:25.863:35.3526892857143:121.468:26.3333679072842:25.904:25.942:99.075
PoP-PR=0:34.728:39.8584124087591:82.553:7.13974692002767:34.839:38.725:41.528
PoP-RJ=0:23.100:28.6986029962547:73.402:7.74345756929736:25.440:27.786:28.729
PoP-RN=0:15.194:15.3562049469965:15.909:0.0556938220950664:15.292:15.360:15.402
PoP-RO=0:74.513:78.3068387096774:117.906:5.56338998788938:74.562:74.644:86.196
PoP-RR=0:78.938:86.3422376681614:108.002:9.22651061202955:78.972:82.099:105.977
PoP-RS=0:47.578:60.0591544117647:109.035:14.964293747322:49.129:52.656:84.865
PoP-SC=0:40.573:52.2538655172413:136.214:14.4322597452915:41.731:45.6185:77.770
PoP-SE=0:5.658:5.74042708333333:5.801:0.0241652606342459:5.709:5.743:5.769
PoP-SP=0:29.817:40.514405904059:84.141:13.474982982103:30.949:35.549:65.595
PoP-TO=0:55.966:59.6198740740741:102.050:5.62078639661932:56.025:56.0855:67.635
