PoP-AC=0:83.874:87.8104332129964:87.922:0.240658938531305:87.775:87.829:87.871
PoP-AL=0:89.467:90.9027686567165:120.564:3.55750875761341:89.510:89.5415:96.030
PoP-AP=0:47.481:47.5566099585062:48.250:0.0548558465804877:47.514:47.556:47.597
PoP-BA=0:82.140:91.3974419475656:162.409:7.01568117043151:82.315:88.874:95.452
PoP-CE=0:72.759:72.8507275985663:72.953:0.0271549840604906:72.820:72.850:72.882
PoP-DF=0:47.542:47.6204545454546:47.691:0.0271917592939358:47.585:47.622:47.656
PoP-ES=0:73.474:82.4750879120879:143.122:15.1531756050906:73.513:73.548:107.993
PoP-GO=0:48.208:48.2862379182156:48.343:0.0230261671267715:48.253:48.289:48.314
PoP-MA=0:40.121:40.1899812734082:40.237:0.0216741857017617:40.164:40.192:40.216
PoP-MG=0:61.791:61.8378537414966:61.915:0.0200542533508172:61.814:61.837:61.862
PoP-MS=0:72.975:73.0521486988848:73.105:0.0221037287015052:73.024:73.052:73.080
PoP-MT=0:63.641:63.7285587188612:63.822:0.0299863825728227:63.689:63.731:63.765
PoP-PA=0:29.819:29.9532420634921:30.023:0.040316389862229:29.899:29.96:30.000
PoP-PB=0:83.024:83.0859806949806:83.363:0.0290590754836247:83.057:83.084:83.117
PoP-PE=0:85.426:86.6381214285714:120.901:3.30262158921589:85.464:85.4905:91.957
PoP-PI=0:45.549:45.6745084745763:48.042:0.1828376452502:45.620:45.644:45.687
PoP-PR=0:91.799:91.868320754717:91.921:0.0224389522981953:91.840:91.870:91.897
PoP-RJ=0:65.229:67.5994254545455:95.855:7.32379227661665:65.298:65.383:66.175
PoP-RN=0:80.328:80.4781465201465:80.804:0.0551639981533046:80.400:80.486:80.539
PoP-RO=0:81.365:81.4911901408451:81.570:0.0373129128091627:81.444:81.4965:81.534
PoP-RR=0:10.397:10.4641087866109:10.521:0.0199273018609832:10.438:10.467:10.486
PoP-RS=0:92.837:106.681251798561:106.925:1.49832330883678:106.834:106.86:106.883
PoP-SC=0:71.616:72.0031924528302:73.344:0.38224377030932:71.685:71.770:72.522
PoP-SE=0:87.409:99.3900416666667:129.410:5.48959105617514:87.679:100.6075:100.660
PoP-SP=0:59.349:61.4356840277778:88.353:5.4405097675195:59.467:60.271:61.031
PoP-TO=0:45.544:45.6105335820895:45.662:0.0201680856461068:45.583:45.612:45.633
