PoP-AL=0:86.400:90.9273780918728:139.761:4.19061928536051:89.618:89.665:94.752
PoP-AM=0:83.805:87.7641263537905:87.932:0.478800579424923:87.770:87.822:87.873
PoP-AP=0:87.985:88.1078017621145:89.215:0.0976062180681724:88.038:88.098:88.161
PoP-BA=0:80.813:85.2196061776062:95.633:5.5459132218645:80.894:80.985:95.521
PoP-CE=0:67.458:72.8798659003832:73.094:0.602005872398205:72.908:72.964:73.012
PoP-DF=0:39.461:42.8017912087912:43.042:0.397559924723238:42.793:42.853:42.893
PoP-ES=0:68.804:78.8096339622642:112.666:11.1816689414533:72.192:72.253:98.065
PoP-GO=0:39.914:40.0302551020408:40.143:0.0369784489709609:39.984:40.031:40.075
PoP-MA=0:79.207:84.8260716981133:86.965:2.88958693941518:80.741:86.835:86.900
PoP-MG=0:53.965:60.4645583038869:60.653:0.637089263562205:60.488:60.545:60.591
PoP-MS=0:34.249:34.4847651515151:65.183:1.92841200203171:34.302:34.348:34.393
PoP-MT=0:24.898:25.3082781690141:76.063:3.52689145956848:24.972:25.0225:25.073
PoP-PA=0:70.355:70.4967323943663:71.133:0.0663276389425604:70.426:70.4985:70.560
PoP-PB=0:75.252:83.1299:83.291:0.643298349841862:83.147:83.207:83.250
PoP-PE=0:77.580:87.4960185185186:214.132:8.98326866371044:85.546:85.611:90.696
PoP-PI=0:86.098:86.2921828793774:93.346:0.66384201458665:86.138:86.196:86.249
PoP-PR=0:53.050:53.273171641791:83.974:1.88271087732092:53.109:53.163:53.201
PoP-RJ=0:58.861:62.2332186379928:76.052:0.854795334298822:62.143:62.198:62.240
PoP-RN=0:72.804:80.5588225255973:80.884:0.471433818383222:80.513:80.594:80.657
PoP-RO=0:6.812:6.93315471698113:7.039:0.04396316711592:6.868:6.936:6.986
PoP-RR=0:93.751:97.7279746835443:97.882:0.448175604236977:97.725:97.776:97.825
PoP-RS=0:68.047:68.2032574626866:79.458:0.690924493926572:68.114:68.163:68.208
PoP-SC=0:65.461:72.3004:75.354:2.24915479654969:69.860:72.8305:75.291
PoP-SE=0:86.036:90.4312685512367:136.044:5.89114068943048:86.098:86.209:97.725
PoP-SP=0:53.176:58.9811601423488:60.166:0.96892056617025:58.164:59.136:60.111
PoP-TO=0:54.636:54.7249247311828:55.119:0.0452140958149473:54.673:54.721:54.769
