PoP-AC=0:39.933:40.1266133828996:55.670:1.02294452766856:39.994:40.048:40.097
PoP-AL=0:50.047:51.296319391635:102.729:4.19200650237111:50.094:50.122:55.179
PoP-AM=0:48.243:48.2956691729323:48.361:0.0218941611004319:48.267:48.296:48.323
PoP-AP=0:48.450:48.5445222672065:48.655:0.0319895579665886:48.504:48.546:48.582
PoP-BA=0:41.336:45.7379964788732:92.663:5.81178301372103:41.384:41.454:53.002
PoP-CE=0:33.347:33.4421731448763:33.551:0.0277226970280731:33.410:33.440:33.477
PoP-DF=0:3.200:3.30286715867158:3.393:0.0274122990588662:3.268:3.303:3.337
PoP-ES=0:32.645:40.3373357142857:73.162:11.4309231069436:32.673:32.7105:56.292
PoP-MA=0:41.151:45.451405204461:47.382:2.837090808705:41.208:47.333:47.363
PoP-MG=0:20.930:21.0095693950178:21.079:0.0199390944838323:20.987:21.010:21.036
PoP-MS=0:25.181:25.2792213740458:25.331:0.02123388823204:25.255:25.28:25.303
PoP-MT=0:15.823:15.9457902621723:16.012:0.0303640972320993:15.907:15.950:15.979
PoP-PA=0:30.829:30.9537142857143:31.027:0.0357119644897666:30.905:30.959:30.994
PoP-PB=0:43.594:43.6793309090909:43.907:0.0265749791206868:43.649:43.680:43.706
PoP-PE=0:46.033:47.2360796812749:99.084:4.22950927290964:46.053:46.083:51.164
PoP-PI=0:46.560:46.6838289962825:51.179:0.303566155803983:46.623:46.652:46.685
PoP-PR=0:44.006:44.0983396226415:44.141:0.0186707349188219:44.075:44.100:44.120
PoP-RJ=0:22.581:22.6548419117647:22.709:0.0247320848866053:22.620:22.657:22.684
PoP-RN=0:40.936:41.0765857142857:41.162:0.0440948774359476:41.019:41.082:41.124
PoP-RO=0:33.571:33.7816183206107:50.209:1.0194816386857:33.667:33.7215:33.763
PoP-RR=0:58.192:58.2434564315353:58.342:0.0233757168427723:58.215:58.243:58.273
PoP-RS=0:38.531:58.8879417808219:59.141:2.03931081445917:59.073:59.0965:59.114
PoP-SC=0:30.616:32.5744057971014:50.035:2.27551793309133:30.759:32.346:33.172
PoP-SE=0:46.522:50.441654676259:103.991:5.92427910612397:46.579:46.6305:58.205
PoP-SP=0:19.982:21.6321098901099:34.564:3.69321147647116:20.040:20.182:21.674
PoP-TO=0:15.080:15.1817038327526:15.240:0.0225562099665432:15.153:15.183:15.207
