PoP-AC=0:68.753:80.4088846153846:144.175:12.3918660563004:72.193:72.2725:98.097
PoP-AL=0:24.635:29.1704269230769:31.523:1.71000426472332:26.841:29.164:31.493
PoP-AM=0:73.460:81.763820610687:135.250:14.3436362332911:73.510:73.553:107.980
PoP-AP=0:77.122:81.0902936170213:121.197:4.50742196330678:77.436:80.712:82.011
PoP-BA=0:13.002:15.4842007434944:17.768:1.43489462814522:13.082:15.392:17.710
PoP-CE=0:35.272:38.2677436823105:162.601:7.95864396467922:35.491:37.813:40.142
PoP-DF=0:29.832:37.9463795620438:69.087:11.6844712909874:29.868:29.9225:55.696
PoP-GO=0:32.612:40.2821923076923:58.639:11.0896708305024:32.669:32.706:56.352
PoP-MA=0:49.171:59.2591397849463:111.599:11.618379652059:49.428:51.764:73.396
PoP-MG=0:18.244:34.9333423728814:85.103:8.23434185740176:27.158:35.645:37.974
PoP-MS=0:57.420:68.3848222222222:127.428:10.9757703531733:57.454:68.075:81.038
PoP-MT=0:48.069:55.9630676156584:130.972:12.0681203731913:48.113:48.160:71.845
PoP-PA=0:59.486:63.1330036630037:88.325:3.34508274484205:59.816:63.114:64.454
PoP-PB=0:25.132:27.3385373134328:31.062:1.80823481354731:25.182:27.5025:29.845
PoP-PE=0:22.767:25.0181690140845:27.468:1.80498456860117:22.796:25.1235:27.443
PoP-PI=0:38.393:44.9042020905923:78.884:11.6144568555713:38.455:40.793:75.521
PoP-PR=0:23.301:33.2669456521739:99.094:15.0310522917405:23.357:24.3065:51.937
PoP-RJ=0:10.490:22.7817038327526:90.341:16.6165806238457:10.540:10.587:45.750
PoP-RN=0:27.800:30.3824356060606:32.608:1.59447068216802:27.893:30.216:32.539
PoP-RO=0:65.762:73.8061111111111:143.570:12.5126385273842:65.878:65.941:89.550
PoP-RR=0:92.912:100.747484716157:118.225:5.5649039292782:96.113:99.157:112.620
PoP-RS=0:36.086:51.3980939849624:116.880:24.8784461774893:36.126:37.7115:99.648
PoP-SC=0:29.043:46.0877214285714:120.679:26.5173219540337:29.087:30.642:91.164
PoP-SE=0:18.249:21.0955873605948:22.946:1.57441008757894:18.283:20.602:22.916
PoP-SP=0:18.288:34.4971875:110.046:25.5764415652603:18.341:18.3765:82.704
PoP-TO=0:47.291:54.5299245283019:110.148:11.7202887159485:47.339:47.380:70.937
