PoP-AC=0:55.637:62.1600732600732:62.435:0.562640441738309:62.152:62.210:62.259
PoP-AL=0:36.845:43.3075378787879:90.722:7.58433941711455:36.965:41.5665:53.450
PoP-AM=0:65.238:66.9178854961832:95.778:5.93947298207847:65.307:65.396:66.173
PoP-AP=0:70.544:70.9488654708521:90.689:2.30916989488316:70.641:70.680:70.723
PoP-BA=0:23.102:28.7725666666667:73.389:8.24695155175698:25.428:27.7815:28.659
PoP-CE=0:50.381:50.617574912892:50.872:0.0806150339768324:50.515:50.610:50.725
PoP-DF=0:19.787:19.8874743083004:19.992:0.0308694822176456:19.846:19.891:19.922
PoP-ES=0:10.504:22.9824566037736:127.336:17.7544429498979:10.539:10.585:45.755
PoP-GO=0:22.572:22.6524175824176:22.712:0.0252840041370713:22.619:22.653:22.682
PoP-MA=0:59.273:63.8413554817276:64.465:1.01464823619232:63.313:64.302:64.342
PoP-MG=0:8.163:12.0176953405018:37.591:6.60500277942419:8.211:8.254:27.371
PoP-MS=0:47.344:47.4272867647059:47.505:0.0277543010517937:47.391:47.429:47.459
PoP-MT=0:37.992:38.1038483754512:38.212:0.0341838397108805:38.057:38.107:38.143
PoP-PA=0:52.956:53.0973687943262:53.175:0.0370530852726457:53.052:53.104:53.141
PoP-PB=0:35.224:39.9853321428571:87.277:5.68403199820968:35.294:37.824:47.944
PoP-PE=0:32.840:41.4244111498258:103.816:10.6527979908174:35.184:37.548:61.538
PoP-PI=0:48.508:55.9936654676259:100.959:7.27435441672358:50.860:53.922:68.783
PoP-PR=0:13.250:14.2838609022556:15.249:0.715562377733704:13.295:14.2615:15.223
PoP-RN=0:37.863:41.9689225092251:86.246:4.18613719996589:38.003:41.457:43.436
PoP-RO=0:55.747:55.8719713114754:55.957:0.0376452358216844:55.823:55.873:55.919
PoP-RR=0:73.385:73.7968655462185:82.851:1.79574797562853:73.411:73.443:73.477
PoP-RS=0:26.059:27.3961924528302:75.211:4.2134970194929:26.102:27.663:27.720
PoP-SC=0:18.988:19.8940174216028:28.691:0.945630763910095:19.046:20.585:20.666
PoP-SE=0:28.328:34.6591403508772:117.968:9.35478105832764:30.690:33.025:33.879
PoP-SP=0:8.245:8.33280882352942:8.396:0.0242048498401639:8.305:8.333:8.361
PoP-TO=0:37.242:39.0503096085409:73.032:6.76533346450459:37.286:37.326:37.355
