PoP-AC=0:34.261:34.5938464419476:65.848:2.6942991198098:34.313:34.362:34.409
PoP-AL=0:74.830:76.5221268656716:137.728:6.20215428312117:74.861:74.892:79.987
PoP-AM=0:72.997:73.060456928839:73.119:0.0229343829535479:73.031:73.062:73.091
PoP-AP=0:73.176:73.2999214876034:73.433:0.036194008517907:73.251:73.3045:73.339
PoP-BA=0:66.084:70.2096940298507:114.906:6.36241299975503:66.152:66.202:77.799
PoP-CE=0:58.134:58.2002882562278:58.337:0.0285165147297887:58.166:58.199:58.234
PoP-DF=0:28.004:28.0860266666667:28.152:0.0259708987107574:28.055:28.085:28.120
PoP-ES=0:57.422:68.3120965517241:104.115:9.51160264354968:57.464:68.078:81.026
PoP-GO=0:25.186:25.2813687707641:25.348:0.0194912002615235:25.258:25.283:25.305
PoP-MA=0:65.925:70.0877928286852:72.161:2.88489206261119:65.984:72.099:72.132
PoP-MG=0:45.730:45.7879029850747:45.880:0.0237785882679007:45.757:45.787:45.819
PoP-MT=0:10.177:10.2544482758621:10.333:0.0267365028278268:10.220:10.257:10.286
PoP-PA=0:55.621:55.733275261324:55.816:0.0385839043783149:55.677:55.741:55.777
PoP-PB=0:68.365:68.4350898876405:68.501:0.0247632277153653:68.405:68.437:68.466
PoP-PE=0:70.165:72.4708810408922:126.025:5.49588600485263:70.815:70.840:75.951
PoP-PI=0:71.368:71.5742310756973:92.603:1.41097833094139:71.399:71.429:71.472
PoP-PR=0:19.230:19.305416988417:19.373:0.0222540794191377:19.276:19.307:19.333
PoP-RJ=0:47.355:47.4317649253731:47.506:0.0268224981622226:47.396:47.434:47.465
PoP-RN=0:65.684:65.8302763636364:66.452:0.0630664403723264:65.764:65.831:65.883
PoP-RO=0:27.889:28.16737:71.999:2.53935607402125:27.971:28.026:28.063
PoP-RR=0:82.954:83.0119125:83.078:0.0227404091399367:82.980:83.012:83.040
PoP-RS=0:34.260:34.3212527881041:38.414:0.251127805438354:34.283:34.306:34.330
PoP-SC=0:36.574:38.2116557971015:41.465:1.45168544839901:36.618:37.5995:39.952
PoP-SE=0:71.288:75.066946969697:118.103:5.39690365081544:71.355:71.4165:80.661
PoP-SP=0:24.285:25.3246595744681:26.277:0.597629699196706:24.348:25.287:26.226
PoP-TO=0:39.920:39.9718764044944:40.031:0.0192495407330875:39.946:39.973:39.998
