PoP-AC=0:52.761:59.025052238806:60.212:0.862031728757105:58.177:59.1575:60.125
PoP-AL=0:43.637:58.9111235521236:78.554:5.06762471003206:52.314:59.631:59.801
PoP-AM=0:59.323:61.3997:88.307:5.55448853842857:59.472:60.2765:60.988
PoP-AP=0:67.965:80.8262770562771:85.132:6.80705810817795:68.074:84.606:84.751
PoP-BA=0:29.877:38.9909253731343:94.805:12.0856870016366:30.969:33.9995:65.566
PoP-CE=0:42.731:42.8444347826087:43.010:0.0432832457891069:42.800:42.836:42.903
PoP-DF=0:15.759:32.5323571428572:46.296:13.7659034518462:15.867:43.812:44.666
PoP-ES=0:18.304:33.82673046875:104.656:25.1885765432683:18.340:18.382:82.636
PoP-GO=0:19.969:21.4422307692308:34.568:3.41992822417506:20.029:20.1715:21.665
PoP-MA=0:56.563:59.9508148148148:78.948:6.34527650048601:56.632:56.684:75.176
PoP-MG=0:9.335:10.5462517006803:46.033:5.5681697912153:9.395:9.427:9.485
PoP-MS=0:24.292:25.3445724137931:26.283:0.590284046864941:24.339:25.287:26.233
PoP-MT=0:34.026:35.0390642857143:36.052:0.664716531716122:34.069:35.045:36.002
PoP-PA=0:49.683:62.6180034364261:67.297:7.29963912830208:50.454:67.079:67.223
PoP-PB=0:52.867:53.0260147601476:57.230:0.374504343746246:52.915:52.973:53.072
PoP-PE=0:39.591:56.1899964412812:77.072:7.01653217230468:50.484:55.524:61.105
PoP-PI=0:55.279:71.249855513308:114.156:8.66061640361078:63.638:71.189:74.957
PoP-PR=0:5.537:6.49327941176471:7.489:0.681937295611886:5.593:6.5255:7.452
PoP-RJ=0:8.256:8.3365017921147:8.533:0.0280870786947899:8.304:8.337:8.368
PoP-RN=0:50.161:50.3828296296296:50.750:0.0774519436787673:50.304:50.3735:50.456
PoP-RO=0:51.789:52.8317243816255:54.938:0.705852139555433:51.875:52.841:53.800
PoP-RR=0:101.967:105.707484304933:115.637:5.10409632863145:102.016:102.218:115.495
PoP-RS=0:18.259:19.238925093633:21.640:0.793982330871576:18.312:19.883:19.924
PoP-SC=0:11.192:12.1385627240143:12.919:0.783894214187876:11.274:12.822:12.879
PoP-SE=0:34.997:41.2295481481482:79.082:7.0816820017217:36.146:38.495:52.857
PoP-TO=0:34.641:39.5098671875:98.579:11.2743857157969:35.450:35.561:50.001
