PoP-AC=0:24.911:25.2900590405904:63.224:2.97629982500965:24.980:25.041:25.092
PoP-AL=0:65.481:66.8896335877862:103.969:3.7360840332554:65.533:65.5745:70.654
PoP-AM=0:63.638:63.7377583643123:63.827:0.031292868718089:63.701:63.737:63.773
PoP-AP=0:63.881:63.98365625:64.159:0.03861553227999:63.940:63.982:64.031
PoP-BA=0:56.759:60.4216643598616:71.508:4.88943700904632:56.817:56.871:68.415
PoP-CE=0:48.773:48.8736208178438:48.968:0.0312801093389745:48.835:48.873:48.917
PoP-DF=0:18.648:18.7650068027211:18.846:0.0305975743815328:18.728:18.7645:18.806
PoP-ES=0:48.039:55.2871854545454:106.732:11.4507482163244:48.122:48.162:71.779
PoP-GO=0:15.855:15.94512:16.024:0.0263982778997078:15.912:15.9465:15.978
PoP-MA=0:56.586:61.053373076923:96.051:3.5601446680145:56.661:62.772:62.811
PoP-MG=0:36.393:36.462105882353:36.560:0.0252259194383645:36.433:36.462:36.494
PoP-MS=0:10.146:10.2491648351648:10.323:0.0274784395728596:10.217:10.250:10.284
PoP-PA=0:46.257:46.4081831501831:46.494:0.0432254198284669:46.348:46.418:46.458
PoP-PB=0:58.989:59.116170289855:60.307:0.0786284010211768:59.074:59.1125:59.152
PoP-PE=0:60.828:62.7345714285715:100.422:3.68915807112105:61.481:61.520:66.597
PoP-PI=0:61.994:62.1310786516854:64.449:0.212257728750231:62.066:62.099:62.157
PoP-PR=0:28.996:29.0743913043478:29.137:0.0246853463472912:29.039:29.0775:29.105
PoP-RJ=0:38.008:38.1131570881226:38.186:0.0292335791676347:38.072:38.117:38.147
PoP-RN=0:56.335:56.5000977443609:56.636:0.051399855339207:56.427:56.503:56.568
PoP-RO=0:18.581:19.0513094339623:65.029:3.9060366764183:18.641:18.699:18.753
PoP-RR=0:73.617:73.6867453703704:73.768:0.0301315715834682:73.650:73.684:73.729
PoP-RS=0:43.965:44.1251963636363:52.833:0.633712066478667:44.034:44.066:44.093
PoP-SC=0:44.765:48.034073943662:56.027:1.66665981683163:45.799:48.181:49.805
PoP-SE=0:61.949:66.0552736486486:158.973:7.45489841303007:62.026:62.0845:73.643
PoP-SP=0:34.004:35.0789379562044:36.075:0.672487171725824:34.071:35.04:36.006
PoP-TO=0:30.559:30.6405490909091:30.716:0.0278191557847461:30.604:30.641:30.676
