PoP-AC=0:53.036:57.0978008130082:67.934:6.04984131188035:53.098:53.1715:66.990
PoP-AL=0:48.681:63.9789340659341:89.579:5.38461612483254:51.295:65.405:66.397
PoP-AM=0:66.211:85.2203970037453:91.918:10.9698853007212:66.947:91.847:91.883
PoP-AP=0:73.688:90.910018018018:92.119:3.25059928754342:89.398:92.024:92.069
PoP-BA=0:34.682:36.7810264150944:86.588:5.3264216742173:34.776:35.736:36.697
PoP-CE=0:47.612:48.6801818181818:49.823:0.646381067998253:47.786:48.735:49.686
PoP-DF=0:20.918:39.79880078125:46.959:10.9291530735577:22.466:46.8755:46.919
PoP-ES=0:47.254:51.5795163636364:98.374:5.97038594366712:48.226:50.561:52.922
PoP-GO=0:25.708:39.0414609665427:44.134:7.80325125380465:26.839:44.082:44.113
PoP-MA=0:61.477:62.5515555555556:63.486:0.694753092334915:61.541:62.499:63.450
PoP-MG=0:14.327:16.257975862069:51.354:4.54891115106845:14.387:15.3405:16.293
PoP-MS=0:19.222:28.6833426294821:51.708:14.3977697690349:19.281:19.322:50.896
PoP-MT=0:28.980:32.6089057971014:43.900:5.87341365927116:29.033:29.08:42.303
PoP-PA=0:57.035:73.0375781818182:74.603:3.86523567381276:71.878:74.502:74.576
PoP-PB=0:57.848:59.3253920863309:64.903:1.54196669658292:57.919:58.892:59.869
PoP-PE=0:45.437:60.3333407407407:87.231:5.05594561427133:54.989:61.3665:62.328
PoP-PI=0:75.900:86.7905776173285:93.616:5.92573665804571:76.882:90.243:90.290
PoP-RJ=0:13.204:14.1898509090909:15.263:0.668540421522254:13.302:14.267:15.220
PoP-RN=0:54.448:57.4605401459854:84.920:4.56826043953659:55.269:56.2315:61.243
PoP-RO=0:46.655:50.3946203007519:61.011:5.84962266438273:46.771:46.833:60.050
PoP-RR=0:89.001:99.2285925925926:101.841:4.33351519400191:92.036:101.780:101.811
PoP-RS=0:15.441:15.5218798586573:15.566:0.0213039398891197:15.494:15.525:15.546
PoP-SC=0:16.222:19.285711026616:22.673:1.91502334512121:17.155:18.825:22.586
PoP-SE=0:39.884:42.3556180555555:135.141:7.94110836311882:39.959:40.919:41.908
PoP-SP=0:5.489:6.4023908045977:7.479:0.601165093598512:5.575:6.507:7.427
PoP-TO=0:40.590:53.5041526717557:58.824:7.85377578322835:41.615:58.7675:58.798
