PoP-AC=0:86.108:86.2654814814815:90.169:0.361645379752926:86.158:86.2105:86.280
PoP-AL=0:19.995:28.0276948529412:96.356:23.204051959083:20.027:20.06:96.258
PoP-AM=0:45.581:45.7046174242424:48.860:0.324290417884868:45.627:45.6605:45.717
PoP-AP=0:33.859:34.0436132075472:44.427:0.791765536536559:33.902:33.9455:34.006
PoP-BA=0:25.871:35.9807205882353:121.492:27.1394438412102:25.914:25.954:99.096
PoP-CE=0:28.498:33.9549962264151:136.686:15.4319333910432:28.646:28.710:51.104
PoP-DF=0:50.133:58.1004296296296:90.638:4.801270609463:50.228:57.599:64.077
PoP-ES=0:38.386:44.0176831683169:78.921:10.1233499457664:38.459:40.802:47.731
PoP-GO=0:46.561:46.691137037037:50.684:0.285247925360742:46.624:46.658:46.699
PoP-MA=0:26.524:26.8893333333333:46.757:1.93386253190562:26.575:26.605:26.666
PoP-MG=0:46.123:55.9165580524345:141.494:12.3795669780225:46.163:46.287:68.519
PoP-MS=0:71.335:71.6146327272728:94.090:1.63025559312608:71.399:71.431:71.486
PoP-MT=0:62.007:62.180462962963:71.822:0.710139247892974:62.062:62.11:62.163
PoP-PA=0:16.245:16.4336974169742:23.411:0.529035548718974:16.307:16.364:16.411
PoP-PB=0:18.314:23.22:109.119:17.7761420389024:18.377:18.414:18.514
PoP-PE=0:15.953:26.5101596958175:121.933:31.3565077993604:15.980:16.004:53.020
PoP-PR=0:84.127:91.4167500000001:113.733:5.14147810114833:90.215:90.252:90.586
PoP-RJ=0:48.531:56.1402158273381:105.228:7.29246639381172:50.873:53.891:68.789
PoP-RN=0:20.925:26.0670358422939:87.316:16.7205435203948:21.034:21.117:21.494
PoP-RO=0:79.746:80.0386118881119:97.498:1.28824114545579:79.825:79.881:79.956
PoP-RR=0:55.510:55.6268620689655:56.319:0.0900670646279294:55.578:55.605:55.678
PoP-RS=0:90.565:105.252081272085:113.334:1.38187432730762:105.212:105.238:105.293
PoP-SC=0:66.115:81.6282379032259:130.373:6.14382329926888:75.546:81.992:83.607
PoP-SE=0:31.076:38.7631240310078:107.443:21.4778632098814:31.132:31.1645:69.353
PoP-SP=0:55.225:70.9712191780822:114.198:7.71519873266014:63.276:71.1905:72.388
PoP-TO=0:31.949:32.0775363984674:41.891:0.642075807004149:31.985:32.014:32.059
