PoP-AC=0:54.629:54.8149920634921:74.852:1.267852254239:54.680:54.74:54.784
PoP-AL=0:64.710:66.8658727915194:192.138:9.78260103547203:64.783:64.811:69.879
PoP-AM=0:45.536:45.6151544117647:45.677:0.0248588277175272:45.583:45.6185:45.647
PoP-AP=0:33.779:33.8815043103448:34.029:0.034056611629933:33.843:33.881:33.922
PoP-BA=0:55.980:59.9511875:115.333:6.66744785550546:56.042:56.095:67.657
PoP-CE=0:48.030:48.1238651685393:48.205:0.0262423025800816:48.095:48.123:48.157
PoP-DF=0:18.620:18.6954565217391:18.798:0.0274174780558633:18.659:18.698:18.728
PoP-ES=0:47.298:56.2531744186047:96.435:12.3278490846968:47.345:47.385:71.604
PoP-GO=0:15.095:15.1839473684211:15.233:0.0226760003752522:15.151:15.187:15.210
PoP-MA=0:26.483:26.6917517730497:62.023:2.11154009219307:26.541:26.5695:26.589
PoP-MG=0:35.579:35.6765074626866:35.755:0.022402931304805:35.652:35.675:35.704
PoP-MS=0:39.918:39.972134057971:40.026:0.019363699819958:39.948:39.972:39.996
PoP-MT=0:30.516:30.6383345864662:30.715:0.0326745658304276:30.595:30.643:30.676
PoP-PA=0:16.186:16.3118472727273:16.386:0.0400123879295253:16.254:16.313:16.360
PoP-PB=0:58.273:58.3700391459075:59.314:0.0622598979311886:58.333:58.368:58.397
PoP-PE=0:60.674:63.9498357664234:117.154:9.24371382154837:60.740:60.77:65.873
PoP-PI=0:31.939:32.0329452554745:34.430:0.161143557350727:31.979:32.01:32.059
PoP-PR=0:58.667:58.7869416058394:58.850:0.0249920913619131:58.757:58.789:58.814
PoP-RJ=0:37.202:39.0254121863799:73.048:6.83937946972758:37.293:37.329:37.363
PoP-RN=0:55.568:55.7526043956044:55.849:0.0502242498263486:55.683:55.759:55.812
PoP-RO=0:48.279:48.4697087719298:67.073:1.10658602134352:48.345:48.409:48.454
PoP-RR=0:55.499:55.5639512195122:55.636:0.0218405553110299:55.535:55.563:55.592
PoP-RS=0:73.678:73.7853345454546:73.839:0.0193000908554298:73.763:73.786:73.808
PoP-SC=0:45.291:47.8011853281853:82.867:6.11010338381228:45.377:46.866:48.436
PoP-SE=0:61.178:65.3135714285714:80.669:5.12527397720226:61.260:61.311:72.863
PoP-SP=0:34.651:39.5642156862745:98.567:10.4601888216982:35.456:35.568:50.016
