PoP-AC=0:53.828:60.4079849056604:60.665:0.865736251606779:60.489:60.542:60.600
PoP-AL=0:34.508:45.1662185185185:81.259:11.2172712620073:34.530:34.7755:56.876
PoP-AM=0:61.752:61.823373015873:61.916:0.0248213487134355:61.795:61.822:61.851
PoP-AP=0:68.940:76.9896569037657:82.100:6.29356981432865:68.995:81.954:82.009
PoP-BA=0:20.709:35.6729318996416:62.882:19.3361184302482:20.749:20.817:62.763
PoP-CE=0:40.108:40.2584641509434:49.365:0.868721870939646:40.129:40.165:40.213
PoP-DF=0:18.113:18.1960281690141:18.278:0.0273694636962637:18.162:18.197:18.230
PoP-ES=0:18.223:35.1373223443223:79.929:7.96531273933526:27.151:35.651:37.963
PoP-GO=0:20.934:20.9905461254612:21.042:0.0192301050212818:20.968:20.990:21.016
PoP-MA=0:53.965:57.0365505226481:65.417:3.78395672821968:54.005:54.045:61.688
PoP-MS=0:45.698:45.7692457337884:45.850:0.023246026867859:45.744:45.766:45.802
PoP-MT=0:36.343:36.4438932384342:36.525:0.028373830809938:36.412:36.445:36.477
PoP-PA=0:51.320:59.2031240601504:64.484:6.30099078549468:51.404:64.342:64.433
PoP-PB=0:32.789:40.4747352941177:60.146:8.75737318215013:32.873:32.9345:50.372
PoP-PE=0:30.469:43.6638059701493:79.708:12.5270064015882:30.492:52.771:52.980
PoP-PI=0:46.087:55.9997414448669:80.127:10.934113294803:46.140:46.413:68.478
PoP-PR=0:14.319:15.9771728813559:49.185:4.33334116751636:14.373:15.324:16.286
PoP-RJ=0:8.158:13.1789107142857:37.584:7.36949770997832:8.203:8.247:27.379
PoP-RN=0:35.483:41.4905457627119:114.962:7.83505623731857:35.559:35.671:47.781
PoP-RO=0:54.079:54.2637716535433:64.337:0.689170001903803:54.135:54.207:54.253
PoP-RR=0:71.675:71.7766451612903:71.858:0.025257349345241:71.751:71.775:71.806
PoP-RS=0:27.140:28.6345139442231:62.996:4.12671553790722:27.166:28.729:28.808
PoP-SC=0:20.099:21.720462406015:58.809:4.40424647919765:20.127:21.679:21.772
PoP-SE=0:25.901:41.7191285714286:72.343:19.4084829112249:25.975:26.0605:67.968
PoP-SP=0:9.343:10.6855789473684:49.472:6.14959352013901:9.381:9.409:9.475
PoP-TO=0:35.591:35.6608613138686:35.735:0.0231059614953231:35.633:35.66:35.690
