PoP-AC=0:70.370:70.5983007246377:90.955:1.25080150018905:70.435:70.507:70.566
PoP-AL=0:41.053:55.04025:80.812:18.513487103821:41.178:41.4115:80.590
PoP-AM=0:29.793:29.9453626373626:30.014:0.0405814857186104:29.889:29.950:29.995
PoP-AP=0:18.116:18.2308423423423:18.398:0.0377410492228758:18.184:18.2295:18.275
PoP-BA=0:46.931:60.8941564885497:122.735:17.3214915788348:47.085:47.3095:83.451
PoP-CE=0:24.539:38.3634758364312:83.206:19.1611316400666:24.629:24.703:63.912
PoP-DF=0:33.619:33.7302526690391:33.825:0.0406032660667954:33.671:33.734:33.779
PoP-ES=0:59.507:63.4538669064748:101.365:4.3113514771872:59.837:63.1155:64.437
PoP-GO=0:30.813:30.9348175182482:31.022:0.042304619899579:30.868:30.942:30.984
PoP-MA=0:10.751:11.1180107526882:77.814:4.00758902250038:10.813:10.890:10.930
PoP-MG=0:51.340:60.4177302158273:124.310:7.14341172792637:51.420:64.378:64.436
PoP-MS=0:55.591:55.7180659340659:55.790:0.0372893502184218:55.667:55.723:55.762
PoP-MT=0:46.258:46.3952717391304:46.483:0.0431636471387069:46.334:46.399:46.446
PoP-PB=0:34.753:47.1935055762082:93.451:19.0394319058021:34.826:34.898:74.155
PoP-PE=0:36.986:50.3438226950355:76.605:18.3135422019521:37.106:37.3525:76.548
PoP-PI=0:16.213:16.3910289855073:21.541:0.418309410356577:16.273:16.342:16.395
PoP-PR=0:74.017:76.7806417322834:98.043:6.88216208455591:74.475:74.544:75.572
PoP-RJ=0:52.929:53.0780528301887:53.164:0.0386461835479701:53.022:53.084:53.121
PoP-RN=0:32.035:44.6118608058608:71.605:18.2721970435065:32.175:32.288:71.532
PoP-RO=0:63.988:64.2788945454546:77.327:1.03804303164692:64.097:64.164:64.221
PoP-RR=0:39.811:39.8978095238095:39.988:0.0279615900760303:39.863:39.898:39.928
PoP-RS=0:86.480:89.510765625:89.592:0.216572081356861:89.480:89.5365:89.571
PoP-SC=0:60.975:73.4359208633094:82.094:7.70525201171921:61.165:77.813:79.406
PoP-SE=0:52.138:65.0576195652173:91.732:16.4398714167784:52.280:52.516:88.674
PoP-SP=0:49.666:62.2692749999999:67.262:7.43118506731997:50.450:67.0485:67.208
PoP-TO=0:16.186:16.2951481481481:16.381:0.0413525990756536:16.236:16.2975:16.344
