PoP-AC=0:86.018:90.4471192982457:136.464:6.49881220023116:86.105:86.196:97.745
PoP-AL=0:4.767:4.84474647887324:4.903:0.0199700965929488:4.822:4.846:4.868
PoP-AM=0:87.413:99.5153286713287:146.740:5.58755783866034:88.015:100.6315:100.680
PoP-AP=0:69.725:81.4385154185022:109.671:16.0479196805654:69.833:70.068:106.223
PoP-BA=0:5.644:5.74241007194245:5.800:0.0255746413630549:5.708:5.744:5.771
PoP-CE=0:27.952:28.4725658914728:50.297:2.05284887116915:28.018:28.1865:28.254
PoP-DF=0:43.759:51.2218876404495:95.350:4.45920534604028:43.934:50.446:54.659
PoP-ES=0:18.212:20.9627330960854:22.942:1.63735907461482:18.279:20.598:22.906
PoP-GO=0:46.460:50.9971538461539:135.194:7.90509820174205:46.569:46.621:58.189
PoP-MA=0:41.813:61.9118509090909:184.181:27.7413438133876:41.878:42.110:101.883
PoP-MG=0:25.913:40.0640265151515:83.452:19.0102503797608:25.979:26.0365:67.972
PoP-MS=0:71.291:74.5423799283153:116.585:5.06209205043635:71.346:71.397:80.650
PoP-MT=0:61.937:66.412148409894:125.837:6.7006109469957:62.008:62.091:73.652
PoP-PA=0:52.113:65.6525555555556:92.192:16.8816297500444:52.296:52.527:91.638
PoP-PB=0:14.589:17.8566795774648:17.951:0.196446144730151:17.832:17.87:17.902
PoP-PE=0:12.197:15.4472322097378:15.540:0.326566425228264:15.455:15.485:15.502
PoP-PI=0:31.047:37.4747069597069:107.389:19.4377050640363:31.119:31.156:49.666
PoP-PR=0:39.931:44.9415272727273:75.984:5.73173759037473:40.934:44.365:46.719
PoP-RJ=0:28.355:34.0895529411765:78.265:7.06741121539845:30.699:33.015:33.864
PoP-RN=0:17.219:20.5474111111111:20.647:0.208785222228674:20.493:20.5655:20.617
PoP-RO=0:79.700:83.81946484375:164.460:7.17805308403242:79.760:79.8405:91.396
PoP-RR=0:86.943:90.8127965367965:110.772:4.50179797483775:87.151:90.313:100.676
PoP-RS=0:53.858:63.218606498195:118.354:13.2951043523367:53.967:56.325:88.524
PoP-SC=0:45.843:56.2607554744526:100.543:13.250544103918:46.909:49.2885:83.001
PoP-SP=0:35.032:42.1043192982456:70.719:7.14152242368334:36.155:38.493:52.866
PoP-TO=0:61.191:65.1366725352112:146.400:7.01502988177673:61.246:61.297:72.851
