PoP-AC=0:39.440:42.7676356589147:42.996:0.51115526341225:42.791:42.844:42.891
PoP-AL=0:45.899:47.5164708029196:116.636:5.32286435609284:45.936:45.975:52.436
PoP-AM=0:47.542:47.6168740740741:47.760:0.0322388690901474:47.575:47.6145:47.659
PoP-AP=0:51.197:51.3195627705628:54.693:0.226628184660306:51.248:51.309:51.355
PoP-BA=0:38.501:41.1018985507247:87.908:4.16074824964719:38.558:38.648:44.831
PoP-CE=0:29.175:29.2625925925926:29.359:0.0315349092620541:29.227:29.259:29.304
PoP-ES=0:29.825:37.9092565055762:70.991:11.8090807642844:29.858:29.905:55.694
PoP-GO=0:3.216:3.27653358208955:3.339:0.0231662852144742:3.248:3.278:3.307
PoP-MA=0:39.864:42.9684305555556:52.344:1.32507451714805:40.058:43.173:43.988
PoP-MG=0:18.135:18.1979816176471:18.265:0.0236202199395992:18.169:18.198:18.228
PoP-MS=0:27.994:28.0684926470588:28.143:0.024878300487017:28.040:28.068:28.103
PoP-MT=0:18.650:18.7460615942029:18.837:0.0347525252400746:18.697:18.747:18.794
PoP-PA=0:33.608:33.7251041666667:33.812:0.0411517492177962:33.665:33.727:33.776
PoP-PB=0:39.431:39.5119071428572:39.656:0.0300519016366645:39.477:39.511:39.548
PoP-PE=0:41.847:43.5172050359712:72.887:3.74283468382473:41.890:41.932:48.351
PoP-PI=0:50.099:57.9551263537906:89.337:4.68964061328821:50.200:57.580:64.067
PoP-PR=0:46.798:46.8909928825623:46.979:0.0281994164372168:46.859:46.891:46.926
PoP-RJ=0:19.802:19.8753913043478:19.955:0.0268257501287703:19.840:19.875:19.909
PoP-RN=0:36.732:36.90175:37.010:0.0497393715769666:36.833:36.9085:36.962
PoP-RO=0:36.363:36.5261642857143:39.625:0.190788727408966:36.464:36.517:36.562
PoP-RR=0:57.490:57.5718284518828:57.658:0.0287330488870165:57.536:57.570:57.610
PoP-RS=0:33.546:61.4151944444445:61.987:3.41386782400982:61.854:61.885:61.913
PoP-SC=0:26.460:28.3744295774648:88.562:4.60368147181829:26.549:28.081:28.953
PoP-SE=0:43.764:51.4525800711744:123.451:6.47964948579354:43.906:50.429:54.650
PoP-SP=0:15.742:33.2012446043166:44.764:13.6207260131047:15.851:43.796:44.641
PoP-TO=0:18.580:18.6789704797048:18.744:0.0260297382384567:18.648:18.678:18.713
