PoP-AC=0:6.786:6.93487826086957:7.041:0.045474240094555:6.873:6.935:6.987
PoP-AL=0:83.182:84.8908185654008:140.485:5.23841695714889:83.273:83.330:88.432
PoP-AM=0:81.325:81.4933125:83.831:0.157274931363186:81.429:81.486:81.536
PoP-AP=0:81.668:82.082223880597:111.945:2.46425499586052:81.712:81.768:81.831
PoP-BA=0:74.450:78.7910344827586:94.147:5.42107562277965:74.560:74.64:86.215
PoP-CE=0:66.506:66.6946751054853:68.976:0.389426240173041:66.568:66.631:66.684
PoP-DF=0:36.362:36.5154683544304:36.608:0.0415464317063975:36.464:36.519:36.565
PoP-ES=0:65.757:71.1021375:94.256:9.75741998455918:65.862:65.916:89.478
PoP-GO=0:33.598:33.8262412280702:62.187:1.88682705450794:33.658:33.705:33.743
PoP-MA=0:74.337:78.3875654008439:82.882:2.95445591239588:74.399:80.514:80.573
PoP-MG=0:54.080:54.4041141732284:97.662:2.73851698252775:54.159:54.21:54.256
PoP-MS=0:27.868:28.4311349206349:91.896:4.86381184330375:27.949:28.008:28.051
PoP-MT=0:18.544:19.1153463203463:75.683:4.71316760294534:18.623:18.681:18.734
PoP-PA=0:63.922:64.2421724137931:70.707:0.735186182807707:64.094:64.1665:64.212
PoP-PB=0:76.734:76.8793790322581:79.308:0.230911960461489:76.806:76.859:76.902
PoP-PE=0:78.590:80.1345077519379:96.813:2.3998856721224:79.204:79.277:84.333
PoP-PI=0:79.732:79.9378438818565:94.645:0.964020788909327:79.809:79.860:79.920
PoP-PR=0:46.692:47.0142017167382:68.626:2.01567961449:46.781:46.832:46.867
PoP-RJ=0:55.741:55.8682928870293:58.036:0.146782373321414:55.808:55.861:55.905
PoP-RN=0:74.101:74.3778870967742:87.725:0.98892467432991:74.186:74.263:74.321
PoP-RR=0:91.366:91.4685320197044:93.845:0.238898799365453:91.406:91.441:91.493
PoP-RS=0:61.685:61.9933020408163:83.623:1.67471010416481:61.772:61.825:61.863
PoP-SC=0:62.509:65.9887521739131:68.993:1.59522175550236:63.526:66.4835:67.540
PoP-SE=0:79.697:83.7728262711864:94.454:5.15702739540101:79.761:79.842:91.381
PoP-SP=0:51.790:52.8426025104602:53.818:0.68706460388522:51.870:52.825:53.768
PoP-TO=0:48.251:48.494918367347:67.564:1.29406924328746:48.333:48.397:48.435
