PoP-AC=0:81.558:90.5858587786259:132.434:3.61037582540725:89.601:89.658:94.740
PoP-AM=0:89.460:90.9278540145986:123.847:3.74438245917615:89.497:89.5315:96.003
PoP-AP=0:58.645:71.8489349593495:98.880:18.1878002752643:58.753:58.9555:98.171
PoP-BA=0:14.232:14.3168794326241:14.392:0.023183616492321:14.291:14.319:14.344
PoP-CE=0:16.855:17.3894219858156:40.876:2.24915143412083:16.941:17.084:17.159
PoP-DF=0:45.899:47.8355122807018:111.083:6.45248897145791:45.932:45.978:52.457
PoP-ES=0:26.791:29.2899074074074:31.539:1.68890402936063:26.828:29.155:31.481
PoP-GO=0:50.046:51.3882720588235:85.624:3.8822522184086:50.077:50.105:55.180
PoP-MA=0:30.703:50.7418988326848:91.007:28.0271587702342:30.767:31.009:90.830
PoP-MG=0:34.505:43.2945913978495:77.757:11.0135786824082:34.532:34.587:56.877
PoP-MS=0:74.810:76.6045971731449:217.703:9.43433210474826:74.843:74.874:79.955
PoP-MT=0:65.406:67.1187345454546:134.194:5.80127417970427:65.515:65.561:70.640
PoP-PA=0:41.032:55.2971048689139:80.758:18.5241596500579:41.197:41.400:80.603
PoP-PB=0:6.698:6.77450740740741:6.841:0.0221404342704495:6.747:6.775:6.799
PoP-PE=0:4.340:4.36338848920863:4.405:0.0104404868636553:4.351:4.362:4.377
PoP-PI=0:19.960:25.6325759717314:96.330:19.6674511625404:20.006:20.040:20.253
PoP-PR=0:48.635:64.641833935018:90.914:5.50749039693486:57.600:65.440:66.516
PoP-RJ=0:36.883:43.7578315018315:122.229:9.58432020209103:36.946:41.558:53.383
PoP-RN=0:9.344:9.46348708487086:9.536:0.041825816269186:9.403:9.470:9.509
PoP-RO=0:83.161:84.9511470588235:137.516:5.08368013766929:83.265:83.3265:88.445
PoP-RR=0:73.011:81.1804937238494:100.183:8.88200887162094:73.089:76.230:100.088
PoP-RS=0:61.317:78.1477246376812:232.618:11.069345415002:69.723:78.8735:79.100
PoP-SC=0:54.348:70.5028297101449:218.764:10.0995373130738:63.694:70.354:71.977
PoP-SE=0:4.780:4.84620143884892:4.897:0.0180339350608561:4.823:4.846:4.869
PoP-SP=0:43.654:59.0257183098591:81.419:5.10466643420244:59.431:59.609:59.760
PoP-TO=0:64.733:66.0134888888889:96.286:3.81120751750789:64.763:64.8005:69.858
