PoP-AC=0:68.043:68.4011853281853:83.597:1.69618170042831:68.124:68.172:68.220
PoP-AL=0:61.383:77.438547368421:109.713:5.79589631130942:69.502:78.880:79.031
PoP-AM=0:92.832:106.771692041523:106.941:1.1329871799607:106.834:106.866:106.898
PoP-AP=0:104.138:107.092323275862:107.282:0.198458941138093:107.061:107.106:107.143
PoP-BA=0:47.566:58.6387553956835:103.037:13.8300998766091:48.773:52.654:84.873
PoP-CE=0:60.598:61.5925190839695:63.864:0.786039627860807:60.717:62.2105:62.381
PoP-DF=0:49.376:61.8511235955057:61.959:0.766744394088398:61.865:61.897:61.930
PoP-ES=0:36.084:52.423097826087:152.144:25.8238644766889:36.121:37.704:99.627
PoP-GO=0:38.537:58.9079964539007:59.132:1.81741677081771:59.064:59.0885:59.110
PoP-MA=0:74.302:83.3990112781954:99.825:11.4953980368793:74.449:76.0875:99.798
PoP-MG=0:27.136:29.0426529209622:62.337:5.07771568853585:27.180:28.750:28.818
PoP-MS=0:34.250:34.4180726072607:43.632:0.949918533284205:34.278:34.301:34.330
PoP-MT=0:43.973:44.1239854545455:54.449:0.714674429325358:44.019:44.059:44.091
PoP-PA=0:86.476:89.5132756183746:89.608:0.275724889217513:89.482:89.550:89.579
PoP-PB=0:70.691:71.692332:91.841:1.50482989131216:70.785:71.0335:72.515
PoP-PE=0:57.389:73.6676985294117:93.118:4.39005332250848:73.250:74.8355:75.060
PoP-PI=0:89.014:105.223657039711:113.192:1.62743778840937:105.204:105.231:105.269
PoP-PR=0:15.459:15.59005:25.875:0.729339052216922:15.504:15.53:15.551
PoP-RJ=0:26.059:27.0759816849817:50.591:1.64495835468071:26.102:27.663:27.717
PoP-RN=0:68.021:69.0247759197324:85.001:1.22396209967121:68.142:68.445:69.949
PoP-RO=0:61.706:61.9215963636364:72.700:0.968155052197996:61.775:61.827:61.864
PoP-RR=0:116.747:116.838318584071:120.683:0.260245722005228:116.792:116.818:116.857
PoP-SC=0:7.454:7.6162927756654:33.858:1.62442041626065:7.493:7.515:7.541
PoP-SE=0:53.882:63.4182089552239:104.887:12.9561547450007:54.405:57.8045:88.600
PoP-SP=0:18.282:19.2250364963504:21.604:0.80514442459139:18.314:19.877:19.920
PoP-TO=0:54.280:73.6395687732342:73.833:1.61331542147493:73.751:73.781:73.802
