PoP-AC=0:65.450:72.3667925925926:75.361:2.20565279379546:69.849:72.7965:75.289
PoP-AL=0:54.341:70.2625666666667:103.907:5.39547874344885:63.696:70.3685:72.019
PoP-AM=0:71.642:72.0173834586467:73.320:0.378895768442589:71.686:71.785:72.523
PoP-AP=0:77.996:91.4223387096774:97.255:7.35491548694057:79.552:95.427:97.005
PoP-BA=0:40.576:52.5184301470589:114.619:14.3819908383647:41.740:45.603:77.796
PoP-CE=0:53.565:54.5134432234432:55.391:0.775575837710087:53.638:55.175:55.261
PoP-DF=0:26.445:28.2437847222222:56.114:3.73611088137851:26.562:28.0215:28.971
PoP-ES=0:29.025:45.0717418181818:104.477:25.0469342303246:29.074:30.646:91.101
PoP-GO=0:30.609:32.4167302158274:50.007:2.05648571181737:30.728:32.2785:33.198
PoP-MA=0:67.253:70.2304007633588:93.083:4.94079327744172:67.408:68.875:73.024
PoP-MG=0:20.100:22.0871842105263:53.212:5.23841431789609:20.130:21.6905:21.803
PoP-MS=0:36.548:38.3245018050541:41.453:1.50586208547429:36.610:38.973:39.967
PoP-MT=0:44.709:48.0154892857143:51.246:1.60336256424787:45.780:48.176:49.803
PoP-PA=0:61.059:73.7806344086022:82.095:7.59654605742366:61.170:77.828:79.424
PoP-PB=0:63.625:64.573963099631:65.611:0.809507229236875:63.727:64.004:65.501
PoP-PE=0:50.330:66.291020979021:90.544:5.4473203139774:61.256:66.332:67.943
PoP-PI=0:66.132:81.7324838709677:119.137:5.63706005563014:75.657:81.968:83.600
PoP-PR=0:16.229:19.4392941176471:22.685:1.78141546938712:17.228:19.723:21.239
PoP-RJ=0:19.000:19.8380221402214:21.655:0.796849430144911:19.043:19.115:20.666
PoP-RN=0:60.927:61.9407907801419:63.068:0.800202071132482:61.086:61.3485:62.853
PoP-RO=0:62.566:65.9764618181819:68.996:1.59118474241109:63.543:66.097:67.556
PoP-RR=0:109.598:116.163905405405:136.832:8.33874131289122:109.697:112.8355:126.488
PoP-RS=0:7.446:7.60822426470588:33.916:1.60111799883665:7.489:7.512:7.532
PoP-SE=0:45.785:57.0786374045801:115.592:14.306491301985:46.912:50.7295:83.012
PoP-SP=0:11.212:12.1080962962963:12.896:0.785283600172637:11.266:12.8165:12.868
PoP-TO=0:45.260:47.3475120274914:82.840:4.27293592142974:45.373:46.905:48.469
