PoP-AC=0:97.627:97.8180537634409:104.404:0.398528995675761:97.737:97.795:97.849
PoP-AL=0:73.046:80.4571274131274:100.229:8.80147467004363:73.089:76.253:100.135
PoP-AM=0:10.400:10.474301754386:12.213:0.106635519296451:10.434:10.469:10.503
PoP-AP=0:57.370:57.4814148471616:57.690:0.0452395955531732:57.423:57.482:57.534
PoP-BA=0:78.899:86.5159583333333:106.744:9.14514233716923:78.971:82.112:105.965
PoP-CE=0:59.311:62.1729208633094:79.206:3.72382661104016:59.380:62.502:64.802
PoP-DF=0:57.467:57.5871335877863:57.670:0.0340682391793052:57.547:57.585:57.632
PoP-ES=0:92.907:100.684931407942:133.767:5.96389034581289:96.140:99.148:112.614
PoP-GO=0:58.167:58.2436470588235:58.316:0.0249098375088587:58.212:58.243:58.275
PoP-MA=0:50.066:50.1370836501901:50.214:0.0250911437568566:50.108:50.136:50.166
PoP-MG=0:71.732:71.795963099631:71.977:0.0272965628146439:71.764:71.795:71.830
PoP-MS=0:82.929:83.0126463878327:84.127:0.0733186113178054:82.978:83.010:83.041
PoP-MT=0:73.602:73.6882206405694:73.799:0.033962390961983:73.644:73.689:73.730
PoP-PA=0:39.787:39.9111679104477:40.243:0.0439810754660562:39.854:39.914:39.954
PoP-PB=0:66.559:74.4706678321678:93.818:10.3572980892862:66.647:69.779:93.677
PoP-PE=0:68.996:75.4606263345196:96.127:8.13048672321068:69.032:72.156:85.895
PoP-PI=0:55.533:55.6295936395759:57.482:0.174691645960559:55.568:55.600:55.665
PoP-PR=0:101.725:101.82068164794:103.040:0.0801030338343922:101.784:101.817:101.852
PoP-RJ=0:73.373:73.6762676056337:82.878:1.46252805435491:73.412:73.447:73.480
PoP-RN=0:63.890:71.4922471910112:91.246:9.89496288497625:64.024:67.175:91.073
PoP-RO=0:91.288:91.4596216216216:93.856:0.156644500956749:91.392:91.450:91.508
PoP-RS=0:116.758:116.847682310469:124.677:0.472794613462357:116.789:116.817:116.853
PoP-SC=0:109.585:116.096180147059:136.896:8.25155259687195:109.703:112.8535:126.429
PoP-SE=0:86.948:90.6096254545455:109.136:4.16499724696582:87.029:90.303:100.606
PoP-SP=0:101.947:105.915726923077:115.646:5.27002164048375:101.991:103.6715:115.512
PoP-TO=0:55.490:55.5653107569721:55.652:0.0244654662190728:55.534:55.565:55.595
