PoP-AC=0:87.964:88.1012622950819:88.690:0.0678312241029318:88.031:88.097:88.166
PoP-AL=0:58.593:78.7406794425087:98.493:19.2896454535084:58.877:75.373:98.153
PoP-AM=0:47.442:47.5365136186771:48.016:0.058909033467949:47.485:47.528:47.588
PoP-BA=0:64.488:80.9826807017544:105.359:17.0676446548194:64.762:67.183:101.007
PoP-CE=0:42.158:59.1000734265734:81.644:19.4467408626884:42.204:42.2825:81.483
PoP-DF=0:51.167:51.3050107526882:51.668:0.0499225647850097:51.251:51.300:51.365
PoP-ES=0:77.057:81.2904603773585:121.731:5.80297969954348:79.413:80.670:81.979
PoP-GO=0:48.410:48.518394265233:48.656:0.0369349335807228:48.474:48.515:48.565
PoP-MA=0:28.359:28.4712246376811:28.589:0.0361302730083227:28.425:28.471:28.517
PoP-MG=0:68.936:75.8260374531835:82.126:6.4779764893894:68.960:81.927:82.003
PoP-MS=0:73.184:73.2797728937728:73.481:0.0360979020670409:73.234:73.279:73.318
PoP-MT=0:63.830:63.9570037174721:64.088:0.0416135829308688:63.908:63.955:64.012
PoP-PA=0:18.072:18.2217323943662:19.214:0.0779004906184314:18.157:18.2195:18.278
PoP-PB=0:52.346:70.1174598540146:110.965:19.8826969277583:52.396:52.464:91.716
PoP-PE=0:54.587:73.0713219178082:113.372:20.1244668270062:54.856:55.559:94.152
PoP-PI=0:33.825:33.9310038022813:35.594:0.1168211426807:33.874:33.919:33.975
PoP-PR=0:91.982:92.0923586206897:92.564:0.050741379004612:92.042:92.091:92.139
PoP-RJ=0:70.547:71.0375340909091:90.666:2.72744049831268:70.615:70.659:70.702
PoP-RN=0:49.679:67.3730795847751:89.161:19.5178149887381:49.783:49.887:89.113
PoP-RO=0:81.560:81.984012:102.203:1.62615117453014:81.675:81.748:81.820
PoP-RR=0:57.334:57.4600340425532:57.641:0.0437594301762674:57.410:57.460:57.508
PoP-RS=0:97.220:107.019029090909:107.335:0.620417794728878:107.007:107.065:107.114
PoP-SC=0:77.963:89.13352734375:102.973:8.29987764563894:79.350:95.2785:96.982
PoP-SE=0:69.721:86.6432372262774:110.531:17.1846914108142:69.965:73.212:109.166
PoP-SP=0:67.902:78.2102234848484:84.933:7.9198242044223:68.018:84.5595:84.728
PoP-TO=0:33.762:33.858:34.092:0.0407083766482627:33.811:33.852:33.908
